100
60 1
0 8 1 10 17 19 24 25 32 56
0 8 0  2  7 10 29 32 36 46
0 6 1 12 17 23 31 51
0 5 4 36 51 54 58
0 11 3 16 20 23 25 27 36 45 47 53 57
0 6 12 13 20 35 42 52
0 4 21 35 36 51
0 5 1 50 54 58 59
0 3 11 32 49
0 5 12 14 28 56 59
0 5 0  1 26 33 41
0 4 8 25 29 45
0 8 2  5  9 14 38 44 49 50
0 4 5 31 46 49
0 4 9 12 40 52
0 6 28 30 41 42 53 54
0 6 4 24 31 40 52 56
0 7 0  2 18 30 34 35 38
0 8 17 22 23 41 42 45 55 57
0 7 0 22 27 29 30 38 43
0 6 4  5 22 25 34 49
0 5 6 51 56 57 58
0 7 18 19 20 23 37 48 50
0 8 2  4 18 22 24 26 29 51
0 9 0 16 23 30 33 42 48 50 58
0 6 0  4 11 20 26 50
0 7 10 23 25 29 30 46 55
0 6 4 19 38 39 42 53
0 4 9 15 47 48
0 5 1 11 19 23 26
0 10 15 17 19 24 26 31 33 35 46 56
0 5 2 13 16 30 52
0 5 0  1  8 35 54
0 5 10 24 30 46 47
0 5 17 20 38 56 57
0 8 5  6 17 30 32 44 55 56
0 5 1  3  4  6 49
0 7 22 42 47 50 52 54 58
0 5 12 17 19 27 34
0 4 27 40 43 49
0 5 14 16 39 41 50
0 4 10 15 18 40
0 6 5 15 18 24 27 37
0 4 19 39 44 56
0 4 12 35 43 59
0 4 4 11 18 54
0 7 1 13 26 30 33 50 54
0 6 4 28 33 37 50 55
0 4 22 24 28 50
0 7 8 12 13 20 36 39 53
0 12 7 12 22 24 25 37 40 46 47 48 51 57
0 8 2  3  6 21 23 50 57 58
0 7 5 14 16 31 37 55 58
0 5 4 15 27 49 58
0 7 3  7 15 32 37 45 46
0 5 18 26 35 47 52
0 8 0  9 16 21 30 34 35 43
0 6 4 18 21 34 50 51
0 8 3  7 21 24 37 51 52 53
0 3 7  9 44
47 0
0 5 12 27 36 44 46
0 1 35
0 2 16 25
0 5 5  8 15 28 30
0 5 6 14 21 31 46
0 6 3  6 15 35 37 44
0 5 4  5 21 34 44
0 4 16 17 33 46
0 6 3 13 20 26 31 45
0 4 25 32 34 43
0 5 12 23 35 42 44
0 0 
0 3 0 10 33
0 3 8 27 40
0 2 4 29
0 5 3  5 21 25 29
0 4 2  7 21 29
0 4 7 18 37 44
0 2 17 42
0 2 28 34
0 5 8 29 36 38 44
0 6 4  6 15 16 22 25
0 1 21
0 5 10 26 30 31 42
0 4 25 32 35 38
0 6 2  9 15 21 24 42
0 4 8 23 29 45
0 4 0 13 40 42
0 3 3 19 33
0 7 14 15 16 20 26 30 46
0 5 3 23 29 31 39
0 4 4  8 23 30
0 3 9 24 38
0 6 7 12 28 36 38 42
0 5 6  9 19 41 43
0 5 1  5 10 24 37
0 5 0 20 33 37 40
0 4 5 17 35 36
0 5 20 24 32 33 45
0 3 30 44 45
0 3 13 27 36
0 1 34
0 6 10 18 23 25 27 33
0 2 9 34
0 7 0  5  6 10 17 20 39
0 5 8 26 38 39 46
0 5 0  4  7 29 45
43 0
0 3 20 21 26
0 4 6  9 21 22
0 3 20 22 37
0 7 6  9 19 32 36 39 40
0 4 8 36 39 41
0 3 25 28 40
0 6 1  3  9 15 18 25
0 4 19 22 24 26
0 6 4 19 20 35 40 41
0 4 1  3  6 34
0 3 27 29 42
0 3 35 38 39
0 3 19 22 28
0 4 18 25 35 41
0 1 28
0 2 6 29
0 2 30 33
0 2 29 35
0 4 6 13 34 40
0 8 3  7  8 12 23 26 35 36
0 7 0  2  8 24 29 30 41
0 3 0  1 37
0 7 1  2  7 12 25 27 30
0 4 19 24 28 31
0 4 7 20 23 40
0 7 5  6 13 22 26 27 40
0 5 0  7 19 25 39
0 5 10 22 25 38 40
0 5 5 12 14 23 39
0 6 10 15 17 20 32 34
0 4 16 20 22 33
0 3 23 32 33
0 3 3 29 31
0 4 16 30 31 38
0 4 9 18 29 41
0 6 8 11 13 17 19 39
0 5 3  4 19 38 42
0 2 2 21
0 5 11 27 33 36 41
0 6 3  4 11 26 28 35
0 7 3  5  8 18 24 25 27
0 6 4  8 13 20 34 38
0 2 10 36
29 0
0 3 6  8 19
0 3 13 18 21
0 3 5 11 28
0 3 4 20 21
0 6 3  7 12 17 20 27
0 4 2  6 20 23
0 3 0  5 10
0 7 4 11 12 18 19 21 25
0 6 0 12 15 16 25 28
0 0 
0 5 6 14 20 27 28
0 5 2  7 15 23 24
0 5 4  7  8 22 26
0 3 1 21 24
0 2 10 26
0 5 8 11 18 19 25
0 3 8 20 22
0 3 4 22 28
0 5 1  7 15 24 27
0 3 0  7 15
0 6 3  4  5 10 16 25
0 4 1  3  7 13
0 3 12 16 17
0 2 5 11
0 3 11 13 18
0 4 7  8 15 20
0 3 12 14 27
0 4 4 10 18 26
0 4 2  8 10 17
28 0
0 3 3  4 14
0 1 4
0 3 3 11 20
0 5 0  2  9 18 26
0 4 0  1 13 18
0 2 9 15
0 6 9 11 14 18 19 23
0 3 9 12 25
0 2 24 27
0 6 3  5  6  7 20 23
0 2 15 27
0 6 2  6 19 21 24 26
0 1 7
0 2 4 22
0 2 0 6
0 5 5 10 20 21 24
0 0 
0 2 21 24
0 3 3 4 6
0 2 6 11
0 3 2  9 15
0 3 11 15 17
0 1 13
0 2 6 9
0 4 8 11 15 17
0 1 7
0 2 3 11
0 2 8 10
26 0
0 4 8 10 14 24
0 4 5  7 12 19
0 1 6
0 3 8 20 22
0 2 5 9
0 4 1  4 11 25
0 5 2  7 13 14 22
0 4 1  6 24 25
0 4 0  3 12 16
0 2 4 19
0 3 0 14 23
0 4 5 12 16 19
0 4 1  8 11 14
0 2 6 21
0 5 0  6 10 12 23
0 1 22
0 3 8 11 24
0 3 19 21 23
0 0 
0 4 1  9 11 17
0 1 3
0 2 13 17
0 3 3  6 15
0 3 10 14 17
0 3 0  7 16
0 2 5 7
69 1
0 7 1  3 10 38 47 57 59
0 5 0  8 27 41 66
0 6 18 21 27 32 47 53
0 9 0 18 21 37 50 52 53 65 67
0 8 22 28 42 47 51 52 62 64
0 6 13 29 37 41 61 62
0 5 9 13 33 49 51
0 2 19 29
0 10 1 26 30 35 37 39 46 50 52 55
0 5 6 23 29 45 56
0 5 0 16 21 55 68
0 7 21 24 30 32 51 58 67
0 11 18 19 23 26 28 32 33 36 38 47 53
0 4 5  6 23 43
0 2 15 21
0 5 14 19 31 49 65
0 7 10 18 32 33 59 65 66
0 5 35 44 57 67 68
0 6 2  3 12 16 47 51
0 9 7 12 15 24 25 30 45 51 67
0 6 34 36 41 42 43 55
0 10 2  3 10 11 14 28 30 32 48 58
0 4 4 26 43 61
0 6 9 12 13 43 51 57
0 7 11 19 27 32 38 44 45
0 6 19 39 41 55 57 64
0 8 8 12 22 33 35 44 45 63
0 10 1  2 24 29 36 41 50 56 63 68
0 7 4 12 21 40 47 50 59
0 10 5  7  9 27 38 41 43 47 49 63
0 6 8 11 19 21 31 59
0 6 15 30 36 47 51 60
0 11 2 11 12 16 21 24 38 44 45 59 62
0 8 6 12 16 26 40 52 54 63
0 3 20 54 67
0 10 8 17 26 36 41 43 48 54 55 62
0 8 12 20 27 31 35 47 53 62
0 5 3  5  8 53 66
0 9 0 12 24 29 32 42 52 57 68
0 5 8 25 41 45 65
0 6 28 33 44 49 58 62
0 11 1  5 20 25 27 29 35 39 42 46 59
0 5 4 20 38 41 66
0 8 13 20 22 23 29 35 60 65
0 7 17 24 26 32 40 65 66
0 9 9 19 24 26 32 39 47 54 68
0 2 8 41
0 14 0  2  4 12 18 28 29 31 36 45 50 52 60 68
0 5 21 35 51 63 64
0 5 6 15 29 40 67
0 7 3  8 27 28 47 52 65
0 9 4  6 11 18 19 23 31 48 58
0 9 3  4  8 33 38 47 50 62 64
0 6 2  3 12 36 37 63
0 4 33 34 35 45
0 7 8 10 20 25 35 59 68
0 4 9 27 62 66
0 6 0 17 23 25 38 64
0 5 11 21 40 51 67
0 8 0 16 28 30 32 41 55 65
0 5 31 43 47 63 64
0 2 5 22
0 10 4  5 32 35 36 40 52 56 64 67
0 7 26 27 29 33 48 53 60
0 7 4 25 48 52 57 60 62
0 8 3 15 16 39 43 44 50 59
0 6 1 16 37 42 44 56
0 8 3 11 17 19 34 49 58 62
0 7 10 17 27 38 45 47 55
26 0
0 0 
0 2 7 22
0 2 3 7
0 5 2  7  8 12 13
0 2 15 17
0 5 6 10 17 19 24
0 5 5  9 16 20 24
0 3 1 2 3
0 2 3 22
0 7 6 13 14 15 21 22 24
0 3 5 11 22
0 2 10 16
0 1 3
0 3 3  9 15
0 3 9 16 23
0 3 4  9 13
0 3 6 11 14
0 2 4 5
0 2 19 20
0 3 5 18 25
0 4 6 18 22 24
0 2 9 24
0 5 1  8  9 10 20
0 1 14
0 5 5  6  9 20 21
0 1 19
31 0
0 4 3  6 12 17
0 2 7 25
0 3 6 16 24
0 2 0 20
0 1 24
0 2 13 29
0 3 0  2 14
0 3 1  8 28
0 3 7 12 24
0 1 26
0 3 13 17 25
0 2 20 27
0 3 0  8 25
0 5 5 10 22 27 30
0 4 6 16 21 22
0 0 
0 4 2 14 17 19
0 3 0 10 16
0 3 23 24 27
0 1 16
0 4 3 11 23 25
0 3 14 22 26
0 6 13 14 21 24 27 28
0 2 18 20
0 6 2  4  8 18 22 27
0 4 1 10 12 20
0 2 9 21
0 5 11 13 18 22 24
0 2 7 22
0 1 5
0 1 13
46 1
0 3 17 18 21
0 7 2 14 22 24 29 39 45
0 6 1 10 16 36 38 39
0 4 5  8 32 40
0 5 5 13 25 34 37
0 3 3  4 29
0 6 10 11 16 22 23 44
0 3 33 41 44
0 3 3 13 28
0 3 29 31 38
0 6 2  6 19 36 38 43
0 4 6 14 20 39
0 5 15 20 21 29 33
0 3 4  8 21
0 5 1 11 39 41 44
0 6 12 18 25 26 36 41
0 5 2  6 26 34 45
0 3 0 25 32
0 3 0 15 28
0 7 10 20 24 26 29 34 35
0 6 11 12 19 27 32 41
0 6 0 12 13 22 23 24
0 5 1  6 21 32 41
0 4 6 21 28 45
0 5 1 19 21 28 35
0 6 4 15 17 27 30 36
0 6 15 16 19 41 42 44
0 2 20 25
0 5 8 18 23 24 45
0 5 1  5  9 12 19
0 3 25 32 41
0 2 9 34
0 6 3 17 20 22 30 45
0 3 7 12 42
0 6 4 16 19 31 39 40
0 4 19 24 41 45
0 6 2 10 15 25 37 43
0 2 4 36
0 3 2  9 10
0 6 1  2 11 14 34 43
0 3 3 34 43
0 8 7 14 15 20 22 26 30 35
0 2 26 33
0 5 10 36 39 40 45
0 4 6  7 14 26
0 7 1 16 23 28 32 35 43
50 0
0 1 9
0 2 21 37
0 6 3  7 19 27 33 47
0 7 2  7 14 17 24 39 41
0 7 5 19 24 32 37 42 49
0 4 4 32 34 47
0 5 35 36 39 40 48
0 7 2  3 20 30 32 47 49
0 1 21
0 6 0 10 33 35 43 44
0 2 9 35
0 4 15 31 32 39
0 4 14 37 39 40
0 4 27 35 37 38
0 4 3 12 16 41
0 6 11 21 25 30 40 49
0 2 14 19
0 1 3
0 5 19 20 23 35 47
0 9 2  4 16 18 20 23 35 40 44
0 4 7 18 19 37
0 6 1  8 15 26 29 48
0 3 24 37 43
0 5 18 19 42 43 46
0 6 3  4 22 37 40 42
0 2 15 29
0 2 21 40
0 7 2 13 33 40 43 44 45
0 3 30 32 44
0 3 21 25 37
0 6 7 15 28 38 40 45
0 2 11 45
0 6 4  5  7 11 28 47
0 3 2  9 27
0 4 5 35 47 48
0 9 6  9 10 13 18 19 34 45 47
0 4 6 39 41 43
0 9 1  4 12 13 20 22 24 29 38
0 4 13 30 37 40
0 6 3  6 11 12 36 40
0 10 6 12 15 19 24 26 27 30 38 39
0 3 3 14 36
0 4 4 23 24 49
0 5 9 22 23 27 36
0 4 9 19 27 28
0 4 27 30 31 35
0 1 23
0 7 2  5  7 18 32 34 35
0 3 6 21 34
0 4 4  7 15 42
48 0
0 6 14 21 25 36 42 47
0 3 5 14 18
0 6 7 20 22 23 31 38
0 3 7 18 46
0 9 10 17 18 19 25 26 27 28 32
0 6 1 38 40 41 45 46
0 3 18 22 42
0 7 2  3  9 11 27 29 31
0 7 14 15 26 27 29 32 42
0 6 7 10 15 24 25 32
0 7 4  9 15 16 31 39 41
0 4 7 33 37 46
0 4 15 20 22 30
0 3 19 27 41
0 5 0  1  8 25 35
0 6 8  9 10 12 39 47
0 5 10 24 26 38 44
0 3 4 34 40
0 6 1  3  4  6 28 47
0 5 4 13 25 29 41
0 5 2 12 29 37 38
0 4 0 22 33 34
0 6 2  6 12 21 35 43
0 1 2
0 3 9 16 26
0 9 0  4  9 14 19 30 35 42 46
0 8 4  8 16 24 36 40 41 45
0 6 4  7  8 13 33 47
0 3 4 18 29
0 6 7  8 19 20 28 45
0 2 12 25
0 7 2  7 10 33 35 38 41
0 5 4  8  9 34 44
0 6 11 21 27 31 38 47
0 4 17 21 32 42
0 4 14 22 25 31
0 2 0 26
0 3 11 20 45
0 9 2  5 16 20 31 33 42 43 45
0 2 10 15
0 3 5 17 26
0 6 5 10 13 19 26 31
0 6 0  6  8 25 34 38
0 2 22 38
0 2 16 32
0 5 5 26 29 37 38
0 4 3  5 11 25
0 5 0 15 18 27 33
76 0
0 2 51 71
0 1 66
0 10 15 21 36 39 50 55 60 67 73 75
0 7 5 37 44 65 67 69 71
0 8 16 22 30 39 50 64 67 69
0 6 3 25 32 37 71 73
0 4 9 22 48 62
0 11 12 13 14 18 24 30 51 56 62 69 73
0 8 9 20 27 39 42 46 55 58
0 5 6  8 24 35 56
0 2 18 52
0 5 19 20 53 54 57
0 9 7 18 28 37 58 64 70 71 75
0 5 7 22 43 51 64
0 6 7 27 35 46 64 74
0 4 2 52 64 75
0 9 4 24 38 44 47 50 55 68 75
0 4 20 34 35 56
0 11 7 10 12 20 29 39 40 43 48 50 73
0 4 11 21 37 56
0 10 8 11 17 18 24 31 41 42 52 67
0 6 2 19 32 47 51 72
0 9 4  6 13 30 46 51 61 62 69
0 2 28 58
0 9 7  9 16 20 36 45 46 55 66
0 4 5 44 45 62
0 5 30 33 51 63 72
0 10 8 14 36 38 40 41 43 59 60 67
0 6 12 23 33 55 62 74
0 8 18 40 41 46 60 64 71 72
0 9 4  7 22 26 32 54 57 58 59
0 8 20 33 39 42 47 50 57 74
0 9 5 21 30 40 53 59 64 65 75
0 7 26 28 31 34 57 73 74
0 5 17 33 61 70 72
0 8 9 14 17 38 47 61 67 69
0 8 2 24 27 44 46 52 61 74
0 8 3  5 12 19 38 53 65 70
0 5 16 27 35 37 65
0 9 2  4  8 18 31 49 59 60 73
0 6 18 27 29 32 49 50
0 5 20 27 29 50 66
0 5 8 20 31 57 65
0 7 13 18 27 44 47 65 73
0 5 3 16 25 36 43
0 5 24 25 46 57 66
0 9 8 14 22 24 29 36 45 52 65
0 11 16 21 31 35 43 58 59 60 66 71 75
0 6 6 18 49 71 72 74
0 6 39 40 48 59 67 69
0 9 2  4 16 18 31 40 41 58 62
0 8 0  7 13 21 22 26 53 55
0 7 10 15 20 36 46 56 75
0 5 11 32 37 51 71
0 3 11 30 75
0 7 2  8 16 24 28 51 59
0 7 7  9 17 19 52 60 69
0 8 11 30 31 33 42 45 66 70
0 6 8 12 23 30 47 50
0 8 27 30 32 39 47 49 55 67
0 10 2 27 29 39 47 56 62 63 67 74
0 6 22 34 35 36 68 73
0 9 6  7 22 25 28 50 60 63 69
0 5 26 60 62 68 71
0 7 4 12 13 14 15 29 32
0 8 3 32 37 38 42 43 46 71
0 6 1 24 41 45 47 57
0 13 2  3  4 20 27 35 49 59 60 68 69 72 75
0 6 16 61 63 67 69 73
0 12 3  4  7 22 35 49 56 62 67 68 71 72
0 5 12 34 37 57 75
0 11 0  3  5 12 29 47 48 53 63 65 69
0 8 21 26 29 34 48 67 69 74
0 9 2  5  7 18 33 39 43 61 68
0 8 14 28 31 33 36 48 60 72
0 10 2 12 15 16 32 47 52 54 67 70
80 1
0 9 2 11 17 18 21 30 37 39 48
0 12 12 23 24 30 32 44 45 48 54 70 75 79
0 8 0  9 25 38 53 63 67 79
0 8 12 17 21 39 52 55 61 75
0 5 21 50 51 53 78
0 4 9 41 42 56
0 7 29 30 42 44 59 62 66
0 6 13 17 37 54 58 59
0 6 9 16 22 24 51 52
0 8 2  5  8 25 30 37 68 79
0 7 15 24 40 42 58 59 62
0 6 0 22 29 30 44 65
0 10 1  3 14 26 41 46 58 59 63 73
0 9 7 24 27 33 34 37 39 58 74
0 8 12 17 29 44 47 55 61 71
0 9 10 38 48 55 58 64 67 71 72
0 5 8 17 28 64 65
0 8 0  3  7 14 16 44 58 77
0 8 0 19 37 59 63 67 75 78
0 7 18 32 43 49 65 77 78
0 4 22 48 69 74
0 10 0  3  4 33 42 51 58 62 66 79
0 8 8 11 20 25 41 44 48 50
0 5 1 28 33 37 46
0 10 1  8 10 13 25 42 54 65 72 74
0 12 2  9 22 24 32 36 40 41 50 52 54 63
0 7 12 35 36 38 42 55 71
0 6 13 35 64 68 70 79
0 5 16 23 43 63 70
0 7 6 11 14 48 55 59 74
0 9 0  1  6  9 11 47 54 60 72
0 6 38 44 55 67 69 78
0 8 1 19 25 36 40 47 49 71
0 11 13 21 23 39 45 46 55 57 69 70 78
0 5 13 40 49 52 55
0 7 26 27 56 61 64 68 76
0 6 25 26 32 43 63 68
0 11 0  7  9 13 18 23 45 59 61 67 74
0 9 2 15 26 31 39 47 49 57 76
0 11 0  3 13 33 38 46 47 54 59 70 77
0 7 10 25 32 34 50 67 70
0 7 5 12 22 25 44 49 61
0 10 5  6 10 21 24 26 52 57 75 79
0 5 19 28 36 68 72
0 13 1  6 11 14 17 22 31 41 51 52 58 63 66
0 4 1 33 37 55
0 6 12 23 33 39 49 79
0 9 14 30 32 38 39 51 63 69 71
0 6 0  1 15 20 22 29
0 8 19 32 34 38 41 46 58 59
0 6 4 22 25 40 66 77
0 8 4  8 21 44 47 57 66 77
0 6 3  8 25 34 42 44
0 3 2  4 56
0 9 1  7 24 25 30 39 61 65 78
0 14 3 14 15 26 29 31 33 34 45 64 68 71 73 74
0 5 5 35 53 75 78
0 7 33 38 42 51 60 68 79
0 12 7 10 12 13 15 17 21 44 49 64 67 74
0 11 6  7 10 12 18 29 37 39 49 64 72
0 2 30 57
0 8 3 14 35 37 41 54 66 79
0 4 6 10 21 78
0 10 2 12 18 25 28 36 44 47 64 75
0 9 15 16 27 35 55 58 59 63 66
0 7 11 16 19 24 54 66 70
0 9 6 21 44 50 51 61 64 65 76
0 7 2 15 18 31 37 40 58
0 8 9 27 35 36 43 55 57 72
0 6 20 31 33 47 77 78
0 7 1 27 28 33 39 40 65
0 7 14 15 26 32 47 55 79
0 6 15 24 30 43 59 68
0 4 12 55 74 76
0 8 13 20 24 29 37 55 58 73
0 6 1  3 18 42 56 63
0 4 35 38 66 73
0 6 17 19 39 50 51 69
0 9 4 18 19 31 33 54 56 62 69
0 10 1  2  9 21 27 42 46 57 61 71
59 1
0 4 1  9 15 17
0 5 0 19 25 26 39
0 3 13 29 44
0 4 19 36 39 58
0 6 9 17 18 40 43 49
0 7 20 26 29 41 44 46 48
0 5 14 17 22 37 40
0 6 13 14 25 38 41 55
0 4 17 33 39 57
0 9 0  4 11 13 15 30 38 43 55
0 4 20 35 51 54
0 7 9 17 23 31 36 45 50
0 5 19 21 38 47 49
0 5 2  7  9 48 55
0 4 6  7 25 26
0 7 0  9 20 27 34 47 53
0 7 23 35 36 38 47 49 57
0 10 0  4  6  8 11 20 27 32 37 42
0 4 4 33 34 42
0 5 1  3 12 30 37
0 10 5 10 15 17 28 31 34 43 57 58
0 6 12 27 31 39 41 56
0 5 6 29 32 42 53
0 6 11 16 25 38 41 47
0 7 27 28 32 40 41 48 53
0 8 1  7 14 23 26 36 46 58
0 8 1  5 14 25 34 41 44 47
0 7 15 17 21 24 30 37 55
0 3 20 24 41
0 7 2  5 22 35 47 48 57
0 5 9 19 27 48 57
0 5 11 20 21 43 57
0 4 17 22 24 42
0 8 8 18 36 46 49 52 54 56
0 4 15 18 20 26
0 4 10 16 29 43
0 7 3 11 16 25 33 38 57
0 8 6 17 19 27 48 53 55 58
0 8 7  9 12 16 23 36 45 50
0 5 1  3  8 21 50
0 8 4  6 24 41 43 47 49 55
0 12 5  7 21 23 24 26 28 40 47 48 49 56
0 6 17 18 22 32 51 53
0 8 4  9 20 31 35 40 48 54
0 4 2  5 26 49
0 5 11 38 52 55 56
0 3 5 25 33
0 11 12 15 16 23 26 29 40 41 50 51 53
0 8 5 13 24 29 30 37 41 43
0 10 4 12 16 33 40 41 44 50 52 54
0 5 11 38 39 47 49
0 3 10 42 47
0 3 33 45 49
0 6 15 22 24 37 42 47
0 4 10 33 43 49
0 7 7  9 13 27 37 40 45
0 5 21 33 41 45 57
0 8 8 16 20 29 30 31 36 56
0 4 3 20 25 37
69 1
0 7 5 18 20 44 46 57 60
0 6 30 32 33 37 40 48
0 5 5 20 22 35 66
0 9 10 20 44 45 46 55 58 62 63
0 6 7 12 31 54 61 63
0 5 0  2 14 37 63
0 7 9 11 20 21 30 33 48
0 7 4 13 22 38 49 55 68
0 7 13 17 20 33 39 62 64
0 5 6 10 37 43 56
0 11 3  9 15 19 25 27 32 34 38 45 54
0 4 6 14 61 62
0 6 4 19 26 28 33 66
0 5 7  8 33 40 46
0 12 5 11 20 24 28 33 34 37 43 49 57 68
0 6 10 21 39 41 52 56
0 5 19 23 38 55 62
0 4 8 32 49 61
0 3 0 21 48
0 7 10 12 16 37 41 44 65
0 14 0  2  3  6  8 14 22 26 35 36 40 46 58 64
0 9 6 15 18 23 24 40 52 56 67
0 7 2  7 20 25 38 43 54
0 5 16 21 32 51 54
0 8 14 21 32 37 44 49 54 56
0 5 10 22 46 54 62
0 4 12 20 41 65
0 8 10 30 40 41 51 58 65 68
0 7 12 14 40 55 63 65 68
0 5 34 36 47 53 57
0 8 1  6 27 32 37 42 53 64
0 4 4 49 53 63
0 10 1 10 17 23 24 30 33 37 50 61
0 8 1  6  8 12 13 14 32 43
0 10 10 14 29 38 45 48 51 53 54 58
0 6 2 20 38 48 52 64
0 5 20 29 39 50 61
0 9 1  5  9 14 19 24 30 32 66
0 9 7 10 16 22 34 35 44 56 65
0 6 8 15 36 45 57 58
0 8 1 13 20 21 27 28 49 68
0 7 15 19 26 27 44 46 53
0 4 30 48 60 65
0 6 9 14 22 33 48 67
0 9 0  3 19 24 38 41 45 47 51
0 9 3 10 34 39 44 56 57 64 67
0 9 0  3 13 20 25 41 52 54 55
0 4 29 44 63 64
0 8 1  6 18 34 35 42 43 51
0 7 7 14 17 24 31 40 59
0 5 32 36 52 64 65
0 5 23 27 34 44 48
0 6 15 21 35 46 50 55
0 8 29 30 31 34 41 54 57 58
0 11 4 10 22 23 24 25 34 46 53 57 59
0 6 3  7 16 28 46 52
0 8 9 15 21 24 38 45 61 66
0 8 0 14 29 39 45 53 54 63
0 6 3 20 27 34 39 53
0 2 49 54
0 2 0 42
0 7 4 11 17 32 36 56 63
0 5 3  8 11 16 25
0 8 3  4  5 28 31 47 57 61
0 7 8 20 30 35 45 47 50
0 7 19 26 27 28 38 42 50
0 4 2 12 37 56
0 3 21 43 45
0 5 7 14 27 28 40
61 0
0 6 1  2 43 45 50 52
0 5 0  5 19 48 58
0 7 0  7  9 13 23 51 52
0 11 10 12 16 25 34 38 39 50 51 54 59
0 6 22 23 39 41 48 49
0 7 1 11 13 29 41 52 57
0 6 9 14 27 28 48 52
0 5 2  9 38 42 47
0 4 34 52 53 60
0 7 2  6  7 12 19 33 46
0 7 3 16 22 38 46 47 59
0 4 5 27 43 47
0 5 3  9 25 26 47
0 6 2  5 17 34 37 58
0 4 6 20 35 37
0 0 
0 6 3 10 50 54 56 59
0 7 13 22 24 47 51 54 57
0 7 19 22 31 40 43 49 53
0 6 1  9 18 32 49 56
0 3 14 32 52
0 2 38 46
0 5 4 10 17 18 33
0 6 2  4 27 32 42 45
0 4 17 50 54 56
0 4 3 12 36 41
0 7 12 30 34 36 41 46 54
0 5 6 11 23 38 52
0 5 6 33 36 44 56
0 2 5 32
0 3 26 32 42
0 1 18
0 8 19 20 23 29 30 38 41 55
0 6 9 22 28 50 57 58
0 6 3  8 13 26 38 55
0 1 14
0 9 25 26 28 40 46 49 54 56 59
0 2 13 14
0 9 3  7 10 21 27 32 34 49 59
0 2 3 4
0 6 18 36 46 50 54 55
0 7 4  5 25 26 32 46 55
0 6 7 23 30 49 56 58
0 3 0 11 18
0 3 28 45 48
0 5 0 23 44 54 56
0 9 9 10 21 26 36 40 41 49 60
0 7 7 10 11 12 17 54 60
0 4 1  4  6 44
0 9 4 18 19 36 38 42 46 56 59
0 7 0  3 16 24 33 40 56
0 5 2  3 17 53 54
0 7 0  2  5  6  8 20 27
0 3 8 18 51
0 10 3 16 17 24 26 36 40 45 47 51
0 4 32 34 40 41
0 9 16 19 24 28 36 42 45 49 50
0 4 5 17 33 60
0 5 1 13 33 42 60
0 6 3 10 16 36 38 49
0 5 8 46 47 57 58
64 0
0 7 1 15 27 30 52 53 55
0 7 0  7  8 25 38 59 63
0 3 3 15 22
0 7 2 16 22 29 31 34 63
0 3 55 59 63
0 6 18 20 37 44 45 58
0 4 8 37 48 60
0 2 1 33
0 12 1  6  9 10 13 27 42 46 47 54 55 57
0 8 8 18 26 35 43 45 47 56
0 6 8 23 37 38 52 63
0 4 22 25 43 52
0 7 18 38 49 56 58 59 63
0 3 8 24 31
0 1 20
0 9 0  2 16 28 36 38 45 58 60
0 6 3 15 23 39 49 52
0 6 18 23 24 42 47 48
0 11 5  9 12 17 22 36 39 40 43 55 59
0 4 43 47 59 63
0 10 5 14 26 31 33 34 37 42 45 51
0 5 22 30 44 47 59
0 10 2  3 11 18 21 23 27 44 45 53
0 7 10 16 17 22 39 40 46
0 6 13 17 26 46 50 61
0 5 1 11 32 34 59
0 8 9 20 24 29 37 43 45 60
0 6 0  8 22 31 53 57
0 6 15 39 40 48 55 56
0 6 3 26 30 41 50 60
0 7 0 21 29 48 53 59 62
0 10 3 13 20 27 39 40 42 46 58 63
0 2 25 43
0 10 7 20 36 40 41 43 46 51 52 57
0 5 3 20 25 58 63
0 6 9 38 39 42 50 56
0 6 15 18 33 46 50 57
0 6 5  6 10 20 26 54
0 8 1 10 12 15 35 47 58 63
0 7 16 18 23 28 31 35 48
0 6 18 23 28 31 33 46
0 3 29 33 45
0 6 8 17 20 31 35 59
0 9 9 11 18 19 26 32 33 55 61
0 4 5 21 22 46
0 10 5  9 15 20 22 26 41 47 51 53
0 10 8 23 24 31 33 36 40 44 50 53
0 10 8  9 17 19 21 38 45 57 60 62
0 5 6 17 28 30 39
0 3 12 16 56
0 6 24 29 35 36 46 52
0 4 20 33 45 55
0 7 0 10 11 16 33 50 54
0 6 0 22 27 30 45 46
0 3 8 37 52
0 7 0  4  8 18 28 43 51
0 6 9 12 28 35 49 60
0 6 8 27 33 36 47 63
0 8 5 12 15 31 34 38 61 62
0 9 1  4 12 18 19 21 25 30 42
0 6 6 15 26 29 47 56
0 3 24 43 58
0 4 30 47 58 63
0 11 1  3  4 10 12 19 31 34 38 57 62
23 0
0 4 8 14 19 20
0 1 2
0 5 1  8  9 19 20
0 4 5  6 14 22
0 2 5 14
0 3 3  4 10
0 5 3 10 11 15 16
0 1 21
0 3 0  2 21
0 1 2
0 3 5  6 15
0 1 6
0 1 14
0 0 
0 5 0  3  4 12 15
0 5 6 10 14 18 20
0 1 6
0 0 
0 1 15
0 2 0 2
0 3 0  2 15
0 2 7 8
0 1 3
32 0
0 1 13
0 4 5 12 13 16
0 1 20
0 2 7 14
0 2 12 21
0 5 1  7 11 18 28
0 5 14 15 19 20 27
0 3 3  5 31
0 2 14 27
0 3 13 22 30
0 2 18 20
0 4 5 14 16 17
0 3 1  4 26
0 4 0  1  9 18
0 7 3  6  8 11 17 19 20
0 2 6 20
0 4 1 11 26 30
0 3 11 14 21
0 3 5 10 13
0 3 6 14 28
0 5 2  6 10 14 15
0 2 4 17
0 4 9 25 27 29
0 3 24 29 31
0 1 23
0 1 22
0 2 12 16
0 3 6  8 22
0 3 5 19 29
0 3 22 23 28
0 2 9 16
0 2 7 23
57 0
0 4 11 25 35 54
0 7 18 19 32 38 48 49 52
0 4 44 45 47 52
0 1 11
0 6 25 35 42 46 49 53
0 3 32 36 41
0 9 12 13 18 26 27 41 49 51 55
0 7 9 17 22 25 35 38 56
0 1 19
0 4 7 16 26 51
0 3 21 29 41
0 4 0  3 23 32
0 4 6 46 50 55
0 7 6 24 36 41 42 45 54
0 3 24 27 30
0 3 27 40 48
0 2 9 28
0 4 7 22 24 28
0 10 1  6 19 20 32 41 42 43 47 54
0 8 1  8 18 25 33 42 47 48
0 3 18 37 40
0 2 10 49
0 6 7 17 24 43 51 55
0 4 11 30 43 56
0 5 13 14 17 22 53
0 9 0  4  7 19 26 32 39 40 54
0 6 6  9 25 31 36 45
0 5 6 14 15 45 46
0 5 16 17 29 33 39
0 8 10 28 30 31 37 44 46 49
0 4 14 23 29 33
0 3 26 29 43
0 8 1  5 11 18 25 37 40 47
0 3 19 28 30
0 2 49 53
0 5 0  4  7 39 42
0 6 5 13 26 37 43 56
0 7 20 29 32 36 39 41 44
0 5 1  7 44 47 53
0 8 25 28 35 37 47 48 52 53
0 6 15 20 25 32 43 53
0 8 5  6 10 13 18 37 45 49
0 8 4 13 18 19 35 44 51 55
0 8 18 22 23 31 36 40 48 52
0 5 2 29 37 38 42
0 6 2 13 26 27 41 50
0 5 4 12 27 29 55
0 6 2 18 19 32 38 39
0 6 1 15 19 39 43 53
0 7 1  4  6 21 29 34 41
0 2 12 45
0 5 6  9 22 42 52
0 5 1  2 39 43 51
0 7 4 24 34 38 39 40 48
0 5 0 13 18 25 55
0 6 6 12 22 42 46 54
0 3 7 23 36
31 0
0 2 22 23
0 1 25
0 2 8 25
0 2 13 19
0 4 9 12 14 20
0 2 19 28
0 2 18 29
0 3 9 12 29
0 4 2 11 24 30
0 4 4  7 15 25
0 1 26
0 1 8
0 3 4  7 19
0 2 3 30
0 2 4 24
0 2 9 18
0 1 17
0 2 16 26
0 2 6 15
0 3 3  5 12
0 3 4 22 27
0 3 22 23 24
0 4 0 20 21 28
0 2 0 21
0 3 8 14 21
0 3 1 2 9
0 2 10 17
0 2 20 28
0 3 5 22 27
0 2 6 7
0 2 8 13
49 0
0 5 23 25 31 33 43
0 2 2 38
0 4 1 19 34 35
0 3 11 14 27
0 4 7 16 23 25
0 4 13 24 27 47
0 3 11 35 36
0 6 4  8 16 25 27 37
0 5 7 20 23 25 30
0 3 19 31 44
0 1 35
0 6 3  6 17 19 34 38
0 1 35
0 4 5 17 40 47
0 6 3 17 26 29 39 46
0 2 16 30
0 3 4  7 15
0 3 11 13 14
0 2 34 41
0 8 2  9 11 22 27 28 30 33
0 3 8 30 40
0 3 38 41 45
0 3 19 26 40
0 8 0  4  8 26 27 29 38 48
0 3 5 29 32
0 5 0  4  7  8 27
0 4 14 22 23 40
0 9 3  5  7 19 23 25 30 32 33
0 3 19 29 35
0 4 14 23 24 28
0 7 8 15 19 20 27 31 47
0 4 0  9 30 47
0 6 24 27 34 36 38 41
0 4 0 19 27 46
0 4 2 11 18 32
0 5 2  6 10 12 28
0 5 6 32 38 42 43
0 2 7 43
0 7 1 11 21 23 32 36 47
0 2 14 47
0 5 13 20 22 26 48
0 3 18 21 32
0 1 36
0 3 0 36 37
0 1 9
0 2 21 46
0 3 14 33 45
0 6 5 13 30 31 38 39
0 2 23 40
44 0
0 2 1 6
0 3 0 11 35
0 5 3  9 20 33 37
0 5 2 15 18 31 39
0 2 14 28
0 3 15 18 20
0 4 0 21 23 39
0 2 19 23
0 5 9 23 28 29 37
0 7 2  8 17 23 24 30 34
0 3 22 23 27
0 4 1 29 35 37
0 3 18 25 32
0 4 20 28 32 40
0 4 4 27 29 43
0 6 3  5 22 25 28 33
0 0 
0 1 9
0 6 3  5 12 23 35 43
0 3 7 21 38
0 4 2  5 13 33
0 4 6 19 24 36
0 3 10 15 42
0 7 6  7  8  9 10 18 32
0 3 9 21 36
0 4 12 15 30 43
0 1 33
0 4 10 14 31 37
0 4 4  8 13 15
0 5 8 11 14 34 39
0 2 9 25
0 3 3 27 42
0 4 12 13 23 35
0 5 2 15 20 26 37
0 2 9 29
0 5 1 11 18 32 40
0 2 21 24
0 7 2  8 11 27 33 42 43
0 2 19 41
0 3 3  6 29
0 2 13 35
0 1 38
0 3 22 31 37
0 4 14 18 25 37
30 0
0 2 3 12
0 2 28 29
0 0 
0 3 0 17 28
0 7 7  9 11 12 17 22 27
0 1 12
0 1 10
0 5 4 23 24 26 27
0 1 11
0 4 4 12 21 22
0 4 6 14 22 24
0 4 4  8 23 25
0 7 0  4  5  9 18 21 23
0 2 26 27
0 3 10 20 29
0 3 22 26 28
0 0 
0 4 3  4 23 24
0 2 12 24
0 2 25 28
0 4 14 26 28 29
0 3 9 12 23
0 5 4  9 10 15 29
0 5 7 11 12 17 21
0 6 7 10 17 18 25 28
0 4 11 19 24 28
0 5 7 13 15 20 28
0 3 4  7 13
0 8 1  3 15 19 20 24 25 26
0 4 1 14 20 22
44 0
0 3 21 29 32
0 5 2  7  8 27 42
0 3 1 31 42
0 2 10 41
0 6 11 16 26 28 41 43
0 2 22 36
0 8 10 13 16 23 25 27 33 41
0 6 1 14 15 32 34 39
0 6 1 11 21 28 38 41
0 1 33
0 4 3  6 27 39
0 5 4  8 16 17 28
0 1 23
0 3 6 42 43
0 4 7 15 33 39
0 3 7 14 17
0 8 4  6 11 28 32 40 42 43
0 5 11 15 27 39 40
0 1 26
0 2 34 39
0 1 23
0 3 0  8 36
0 2 5 23
0 8 6 12 20 22 26 30 31 34
0 0 
0 2 6 36
0 4 4 18 23 27
0 8 1  6 10 17 26 31 37 40
0 4 4  8 11 16
0 3 0 34 39
0 2 23 41
0 3 2 23 27
0 5 0  7 16 38 40
0 5 6  9 14 34 39
0 5 7 19 23 29 33
0 0 
0 3 5 21 25
0 2 27 43
0 3 8 32 43
0 8 7 10 14 17 19 29 33 43
0 5 16 17 27 32 42
0 5 3  4  6  8 30
0 5 1  2 13 16 40
0 6 4 13 16 37 38 39
75 1
0 8 2  3 11 31 39 52 61 67
0 11 6 13 22 25 33 37 41 42 55 59 63
0 8 0 19 27 38 54 57 59 74
0 7 0  7  9 19 35 54 61
0 9 26 29 31 37 38 40 47 61 65
0 8 17 24 25 41 44 55 56 67
0 11 1 10 19 32 38 47 55 56 57 59 60
0 7 3 16 18 20 27 43 51
0 9 13 20 21 31 38 40 46 48 53
0 7 3 21 27 28 30 50 72
0 10 6 18 22 30 42 50 51 60 61 69
0 8 0 23 25 47 56 58 60 70
0 5 31 35 43 45 70
0 8 1  8 23 38 48 52 55 68
0 3 46 52 62
0 7 21 29 35 60 67 69 74
0 8 7 20 35 36 49 54 61 71
0 6 5 18 26 34 46 59
0 8 7 10 17 35 36 41 50 55
0 12 2  3  6 22 35 42 43 51 56 57 63 72
0 7 7  8 16 21 39 54 70
0 9 8  9 15 20 25 28 51 59 69
0 11 1 10 19 23 25 26 33 41 57 58 66
0 11 11 13 22 34 35 36 46 48 57 72 73
0 5 5 32 58 62 66
0 13 1  5 11 21 22 31 32 41 43 44 63 64 68
0 5 4 17 22 50 53
0 9 2  7  9 33 37 45 56 61 72
0 14 9 21 29 32 39 49 51 52 56 58 65 68 69 74
0 4 4 15 28 52
0 5 9 10 43 44 56
0 10 0  4  8 12 25 36 39 40 52 68
0 7 6 24 25 28 44 46 57
0 5 1 22 27 38 63
0 6 17 23 54 67 68 72
0 12 3 12 15 16 18 19 23 54 58 60 61 63
0 10 16 18 23 31 37 44 47 54 62 72
0 6 1  4 27 36 65 71
0 12 2  4  6  8 13 33 39 41 43 45 50 70
0 7 0 20 28 31 38 69 72
0 3 4  8 31
0 7 1  5 18 22 25 38 53
0 4 1 10 19 66
0 10 7 12 19 25 30 38 54 69 71 72
0 8 5 25 30 32 36 54 56 63
0 3 12 27 38
0 9 8 14 17 23 32 61 62 69 73
0 6 4  6 11 36 54 73
0 8 8 13 23 52 53 54 57 64
0 7 16 28 54 59 62 66 68
0 6 9 10 18 26 38 60
0 9 7 10 19 21 28 56 57 58 62
0 9 0 13 14 28 29 31 48 56 73
0 5 8 26 41 48 62
0 15 2  3 16 20 34 35 36 43 44 47 48 49 65 72 73
0 7 1  5  6 13 18 56 65
0 13 5  6 11 19 27 28 30 44 51 52 55 58 61
0 9 2  6 19 22 23 32 48 51 62
0 8 11 22 24 28 35 51 56 66
0 7 1  2  6 17 21 49 72
0 10 6 10 11 15 35 50 64 67 69 73
0 10 0  3  4 10 16 27 35 46 56 74
0 8 14 24 36 46 49 51 53 57
0 6 1 19 25 33 35 44
0 3 25 48 60
0 6 4 28 37 54 55 66
0 6 22 24 42 49 58 65
0 5 0  5 15 34 60
0 7 13 25 28 31 34 49 74
0 9 10 15 21 28 39 43 46 60 74
0 5 11 12 20 38 71
0 4 16 37 43 70
0 10 9 19 23 27 34 36 39 43 54 59
0 6 23 46 47 52 54 60
0 6 2 15 28 61 68 69
25 0
0 3 3 10 22
0 0 
0 1 3
0 5 0  2  7 11 17
0 3 12 15 16
0 3 7 10 22
0 2 12 17
0 5 3  5 15 18 19
0 3 9 20 23
0 4 8 11 12 24
0 5 0  5 15 18 22
0 3 3  9 18
0 4 4  6  9 23
0 4 17 18 22 23
0 0 
0 3 4  7 10
0 1 4
0 4 3  6 13 22
0 4 7 10 11 13
0 1 7
0 1 8
0 0 
0 5 0  5 10 13 17
0 3 8 12 13
0 1 9
28 0
0 5 1  2  3  5 10
0 3 0  9 23
0 4 0  5  9 13
0 3 0 14 26
0 2 9 27
0 5 0  2 10 16 18
0 1 16
0 7 10 13 15 18 21 22 25
0 2 12 27
0 5 1  2  4 10 15
0 5 0  5  7  9 24
0 2 13 21
0 1 8
0 3 2  7 11
0 3 3 17 21
0 6 7  9 16 17 24 26
0 4 5  6 15 26
0 4 14 15 22 25
0 3 5  7 23
0 0 
0 0 
0 4 7 11 14 27
0 4 7 17 23 25
0 3 1 18 22
0 2 10 15
0 3 7 17 22
0 3 3 15 16
0 3 4  8 21
63 1
0 6 11 13 18 46 47 55
0 11 8  9 15 21 28 29 42 44 50 51 61
0 6 12 26 40 47 52 53
0 9 10 11 12 28 44 45 53 54 56
0 2 46 47
0 6 10 22 24 26 48 57
0 6 10 20 24 29 32 44
0 5 14 17 24 49 59
0 3 1 26 43
0 12 1 11 19 22 39 43 45 46 48 52 55 58
0 7 3  5  6 23 38 57 61
0 9 0  3  9 13 20 36 52 56 58
0 7 2  3 19 21 27 29 37
0 12 0 11 14 17 18 30 34 36 38 45 46 62
0 5 7 13 38 41 48
0 2 1 62
0 6 21 27 38 40 44 59
0 8 7 13 22 24 25 26 30 53
0 4 0 13 28 29
0 6 9 12 44 45 54 61
0 6 6 11 43 47 50 57
0 9 1 12 16 25 28 30 34 40 55
0 7 5  9 17 28 38 42 59
0 4 10 24 35 60
0 7 5  6  7 17 23 61 62
0 4 17 21 27 52
0 7 2  5  8 17 41 49 62
0 7 12 16 25 30 37 55 61
0 8 1  3 18 21 22 34 40 56
0 6 1  6 12 18 44 53
0 8 13 17 21 27 39 46 47 58
0 5 35 47 56 58 60
0 4 6 33 38 51
0 2 32 44
0 4 13 21 28 54
0 4 23 31 37 57
0 4 11 13 51 59
0 5 12 27 35 39 44
0 8 10 13 14 16 22 32 43 44
0 5 9 30 37 42 54
0 7 2 16 21 28 44 55 58
0 7 14 26 42 56 57 60 62
0 5 1 22 39 41 54
0 5 8  9 20 38 48
0 13 1  3  6 16 19 29 33 37 38 40 45 48 62
0 6 3  9 13 19 44 53
0 9 0  4  9 13 30 47 51 58 59
0 8 0  2  4 20 30 31 46 49
0 6 5  9 14 43 44 52
0 4 7 26 47 50
0 4 1 20 49 52
0 4 1 32 36 46
0 8 2  9 11 25 48 50 55 57
0 6 2  3 17 29 45 56
0 6 3 19 34 39 42 57
0 7 0  9 21 27 40 52 57
0 6 3 11 28 31 41 53
0 9 5 10 20 35 41 52 54 55 62
0 8 9 11 30 31 40 46 60 62
0 5 7 16 22 36 46
0 4 23 31 41 58
0 5 1 10 19 24 27
0 8 13 15 24 26 41 44 57 58
52 0
0 4 26 29 34 48
0 5 22 23 28 42 47
0 5 15 21 33 39 47
0 6 6  8 23 27 29 30
0 8 8 10 11 12 21 24 39 44
0 4 14 31 34 44
0 11 3 14 24 26 27 32 34 36 41 42 48
0 3 12 35 45
0 7 3  4 10 13 14 31 51
0 1 21
0 6 4  8 11 12 22 28
0 6 4 10 23 26 33 42
0 4 4  7 10 16
0 4 8 34 48 51
0 10 5  6  8 17 20 22 25 31 42 48
0 4 2 38 41 51
0 6 12 20 21 22 31 42
0 4 14 40 45 48
0 5 21 25 40 50 51
0 9 23 26 29 32 34 37 41 44 50
0 4 14 16 44 47
0 8 2  4  9 16 18 33 37 40
0 8 1 10 14 16 23 32 45 48
0 5 1  3 11 19 22
0 4 4  6 25 29
0 13 14 18 24 35 36 37 38 39 43 44 45 46 48
0 6 0  6 11 19 34 47
0 5 3  6 40 42 47
0 5 1 10 39 46 51
0 7 0  3 19 24 30 42 44
0 4 3 29 39 48
0 9 5  8 14 16 33 34 45 46 47
0 10 6 19 22 34 44 45 46 47 49 50
0 6 2 11 21 31 41 46
0 11 0  5  6 13 19 26 31 32 38 43 44
0 4 7 25 36 39
0 4 6 25 35 43
0 4 19 21 25 40
0 6 15 25 34 40 45 50
0 8 2  4 25 28 30 35 42 51
0 8 17 18 21 27 37 38 41 47
0 5 6 15 19 33 40
0 10 1  6 11 14 16 27 29 39 44 48
0 3 25 34 36
0 9 4  5 19 20 25 29 32 34 42
0 7 7 17 22 25 31 32 38
0 5 25 28 31 32 33
0 8 1  2 20 26 27 31 32 40
0 9 0  6 13 14 17 22 25 30 42
0 1 32
0 5 18 19 32 38 51
0 7 8 13 15 18 28 39 50
33 0
0 2 9 21
0 3 2  8 31
0 2 1 8
0 3 5 13 18
0 4 16 19 20 26
0 4 3 15 26 27
0 2 16 23
0 4 9 10 30 31
0 4 1  2 11 20
0 5 0  7 14 16 17
0 2 7 15
0 6 8 21 26 29 30 31
0 3 15 26 32
0 3 3 24 32
0 2 9 29
0 6 5 10 12 18 22 31
0 5 4  6  9 21 28
0 1 9
0 2 3 15
0 2 4 24
0 2 4 8
0 3 0 11 16
0 3 15 24 31
0 1 6
0 3 13 19 22
0 0 
0 4 4  5 11 12
0 2 5 29
0 1 16
0 3 11 14 27
0 3 7 11 32
0 5 1  7 11 15 22
0 3 12 13 30
48 0
0 6 11 12 20 25 33 37
0 5 11 13 25 27 29
0 5 8 17 22 33 37
0 5 8 13 22 23 33
0 1 5
0 3 4 38 43
0 8 11 14 17 23 27 30 34 35
0 4 11 30 40 47
0 5 2  3 11 17 26
0 4 22 36 40 43
0 2 13 43
0 12 0  1  6  7  8 12 14 30 39 40 44 46
0 5 0 11 15 39 44
0 5 1  3 10 30 42
0 6 6 11 29 35 42 43
0 3 12 16 36
0 5 15 19 23 31 32
0 7 2  6  8 21 36 41 43
0 3 21 32 40
0 2 16 23
0 2 0 39
0 5 17 18 31 35 44
0 9 2  3  9 25 30 35 36 42 46
0 7 3  6 16 19 24 41 46
0 3 23 45 46
0 5 0  1 22 29 30
0 4 8 30 32 34
0 5 1  6 29 33 35
0 1 42
0 5 1 14 25 27 46
0 7 6  7 11 13 22 25 26
0 3 16 21 47
0 3 16 18 26
0 6 0  2  3 27 34 40
0 4 6 26 33 44
0 6 6 14 21 22 27 37
0 4 9 15 17 22
0 4 0  2 35 47
0 1 5
0 3 11 12 20
0 5 7  9 11 18 33
0 2 17 23
0 5 13 14 22 28 43
0 6 5  9 10 14 17 42
0 4 11 12 21 34
0 1 24
0 6 11 22 23 24 29 47
0 4 7 31 37 46
77 1
0 6 14 18 21 31 41 67
0 4 4  6 13 42
0 10 10 13 18 19 37 59 61 66 72 73
0 11 9 12 26 27 30 32 35 55 56 58 65
0 3 1 42 62
0 7 14 34 44 50 57 63 68
0 6 1  8 11 43 55 72
0 10 13 14 20 28 33 51 56 66 68 74
0 5 6  9 20 65 67
0 5 3  8 39 41 74
0 10 2 16 17 19 23 35 42 53 58 74
0 7 6 12 17 22 44 48 75
0 10 3 11 26 41 55 57 63 66 69 73
0 8 1  2  7 15 27 36 58 63
0 5 0  5  7 50 73
0 7 13 20 21 51 56 73 75
0 5 10 28 37 40 64
0 3 10 11 49
0 7 0  2 35 60 62 69 76
0 3 2 10 25
0 8 7  8 15 35 53 55 64 69
0 11 0 15 24 29 36 37 47 49 53 69 75
0 5 11 36 57 70 73
0 6 10 27 54 69 70 75
0 6 21 27 29 36 47 69
0 8 19 40 46 54 57 64 71 74
0 9 3 12 31 39 43 45 60 67 73
0 11 3 13 23 24 29 40 47 48 50 60 75
0 10 7 16 39 45 51 52 53 62 64 75
0 6 21 24 27 41 45 62
0 5 3 33 40 59 62
0 6 0 26 32 64 71 74
0 6 3 31 47 59 65 76
0 4 7 30 46 65
0 3 5 58 62
0 6 3 10 18 20 39 48
0 8 13 21 22 24 39 48 52 53
0 9 2 16 21 49 50 51 65 72 73
0 2 40 54
0 9 9 26 28 35 36 52 63 66 76
0 7 16 25 27 30 38 46 60
0 7 0  9 12 29 53 60 75
0 7 1  4 10 47 61 67 71
0 3 6 26 46
0 7 5 11 50 52 53 69 70
0 5 26 28 29 47 61
0 6 25 33 40 43 58 69
0 9 21 24 27 32 42 45 49 53 69
0 7 11 27 35 36 53 54 74
0 8 17 21 37 47 56 62 69 72
0 7 5 14 27 37 44 59 63
0 7 7 15 28 37 60 68 70
0 5 28 36 39 44 63
0 12 10 20 21 28 36 41 44 47 48 56 64 65
0 4 23 25 38 48
0 10 3  6 12 20 57 58 66 69 74 75
0 7 3  7 15 49 53 57 69
0 9 5 12 22 25 55 56 59 63 74
0 7 3 10 13 34 46 55 63
0 6 2 30 32 50 57 61
0 6 18 26 27 40 41 51
0 5 2 42 45 59 62
0 9 4 18 28 29 30 34 49 61 74
0 10 5 12 13 39 50 52 57 58 65 72
0 7 16 20 25 28 31 53 69
0 7 3  8 32 33 37 53 63
0 5 2  7 12 39 55
0 6 0  8 26 42 72 75
0 4 5  7 51 74
0 14 12 18 20 21 23 24 44 46 47 49 55 56 64 73
0 5 22 23 44 51 72
0 4 25 31 42 72
0 8 2  6 37 49 63 67 70 71
0 8 2 12 14 15 22 26 37 69
0 12 7  9 10 25 31 48 55 57 62 68 75 76
0 10 11 15 21 23 27 28 41 55 67 74
0 4 18 32 39 74
42 0
0 3 4  8 31
0 6 7 11 23 24 25 39
0 2 19 28
0 1 32
0 7 0 21 22 28 35 37 41
0 3 7 13 25
0 2 23 36
0 7 1  5 10 18 28 33 39
0 4 0 20 23 32
0 3 20 22 26
0 3 7 25 40
0 5 1 16 17 32 34
0 4 20 32 34 38
0 5 5 18 32 40 41
0 2 36 39
0 1 17
0 2 11 34
0 2 11 15
0 4 7 13 24 34
0 4 2 23 34 39
0 5 8  9 12 27 33
0 3 4 35 39
0 5 4  9 28 34 36
0 5 1  6  8 19 36
0 5 1 18 27 33 37
0 4 1  5 10 36
0 1 9
0 7 20 24 28 32 33 36 40
0 6 2  4  7 22 27 34
0 2 30 35
0 2 29 41
0 3 0 36 39
0 7 3  8 11 12 13 27 35
0 6 7 20 24 27 36 38
0 7 11 12 16 18 19 22 28
0 5 4 21 29 32 41
0 8 6 14 22 23 25 27 31 33
0 2 4 24
0 2 12 33
0 6 1  7 14 19 21 31
0 3 10 13 27
0 4 4 13 30 35
69 1
0 7 8 16 20 38 50 51 53
0 6 17 29 31 34 52 54
0 4 8 33 57 63
0 4 7 24 48 63
0 6 5 23 24 36 58 62
0 5 4 24 30 58 63
0 8 21 22 26 41 56 57 62 66
0 8 3  8 22 32 34 44 49 68
0 11 0  2  7 10 15 18 21 32 48 51 63
0 6 20 22 35 50 60 67
0 4 8 34 61 68
0 4 27 34 57 61
0 6 19 33 37 38 41 62
0 6 26 34 37 58 65 68
0 2 21 67
0 8 8 22 26 33 49 59 61 67
0 7 0 22 25 28 36 45 62
0 6 1 22 31 49 53 54
0 7 8 21 23 32 37 42 47
0 9 12 21 29 30 43 45 58 61 66
0 9 0  9 23 39 48 49 50 60 65
0 10 6  8 14 18 19 46 51 52 62 65
0 12 6  7  9 15 16 17 30 32 40 43 59 63
0 9 4 18 20 31 34 36 53 56 61
0 11 3  4  5 26 30 43 46 49 50 60 67
0 4 16 30 55 64
0 8 6 13 15 24 27 32 38 58
0 2 11 26
0 4 16 45 49 61
0 4 1 19 66 67
0 7 5 19 22 24 25 41 47
0 5 1 17 23 39 67
0 9 7  8 18 22 26 36 46 57 63
0 4 2 12 15 35
0 8 1  7 10 11 13 23 40 47
0 5 9 33 40 55 61
0 7 4 16 23 32 39 51 56
0 8 12 13 18 38 43 45 56 57
0 7 0 12 26 37 52 63 65
0 4 20 31 36 53
0 7 22 34 35 42 45 59 66
0 4 6 12 30 42
0 8 18 40 41 62 63 64 65 68
0 8 19 22 24 37 47 49 60 61
0 4 7 45 61 62
0 8 16 19 28 37 40 44 51 59
0 6 21 24 32 54 60 63
0 5 18 30 34 43 48
0 5 3  8 20 47 63
0 8 7 15 17 20 24 28 43 67
0 5 0  9 20 24 64
0 6 0  8 21 36 45 54
0 4 1 21 38 59
0 6 0 17 23 39 64 67
0 6 1 17 46 51 63 64
0 3 25 35 60
0 4 6 23 36 37
0 6 2  6 11 32 37 58
0 7 4  5 13 19 26 57 66
0 5 15 22 40 45 52
0 6 9 20 24 43 46 55
0 9 10 11 15 19 23 28 35 43 44
0 7 4  6 12 16 21 42 44
0 13 2  3  5  8 22 32 38 42 46 48 54 65 68
0 5 25 42 50 53 54
0 6 13 20 21 38 42 63
0 5 6 19 29 40 58
0 8 9 14 15 24 29 31 49 53
0 5 7 10 13 42 63
50 1
0 3 37 39 47
0 2 29 46
0 6 5 11 31 41 45 46
0 5 11 23 27 30 33
0 6 9 16 18 21 28 37
0 6 2 24 30 40 47 49
0 8 10 13 15 24 27 29 40 43
0 6 12 22 38 42 43 45
0 7 12 14 15 21 27 37 42
0 7 4 12 26 32 34 45 48
0 3 6 13 25
0 6 2  3 27 31 34 48
0 7 7  8  9 38 43 46 49
0 7 6 10 17 19 22 29 31
0 9 8 15 16 20 22 23 41 42 43
0 5 6  8 14 29 35
0 5 4 14 17 24 35
0 5 13 16 18 26 29
0 4 4 17 30 37
0 2 13 40
0 3 14 41 47
0 3 4  8 46
0 4 7 13 14 45
0 7 3 14 26 28 30 41 44
0 7 5  6 16 27 29 40 48
0 3 10 29 41
0 5 9 17 23 40 47
0 9 3  6  8 11 24 34 36 43 46
0 3 4 23 43
0 7 1  6 13 15 17 24 25
0 5 3  5 18 23 33
0 6 2 11 13 32 41 44
0 3 9 31 35
0 2 3 30
0 3 9 11 27
0 4 15 16 32 37
0 3 27 41 48
0 6 0  4  8 18 35 41
0 2 7 12
0 2 0 48
0 5 5  6 19 24 26
0 10 2 14 20 23 25 31 36 37 42 47
0 5 7  8 14 41 48
0 6 6  7 12 14 27 28
0 3 23 31 46
0 4 2  7  9 22
0 6 1  2 12 21 27 44
0 5 0  5 20 26 41
0 6 9 11 24 36 39 42
0 2 5 12
49 0
0 4 1 25 35 45
0 5 0  6 10 11 46
0 4 3 20 39 48
0 5 2 14 26 31 39
0 0 
0 6 7 10 22 27 29 33
0 9 1 12 15 19 25 31 37 44 47
0 6 5 16 17 24 34 44
0 4 14 20 31 34
0 5 18 29 32 38 45
0 5 1  5 27 34 42
0 1 1
0 3 6 34 39
0 0 
0 5 3  8 17 18 32
0 3 6 25 40
0 5 7 24 28 29 38
0 8 7 14 18 19 24 28 31 33
0 7 9 14 17 21 23 28 30
0 3 6 17 44
0 3 2  8 30
0 1 18
0 8 5 23 31 39 40 43 46 48
0 5 18 22 25 31 33
0 4 7 16 17 46
0 5 0  6 15 23 45
0 4 3 37 39 44
0 5 5 10 35 37 40
0 5 16 17 18 39 43
0 3 5  9 16
0 5 18 20 31 38 45
0 10 3  6  8 17 22 23 30 38 43 44
0 4 9 14 35 41
0 4 5 17 23 34
0 6 7  8 10 12 33 35
0 5 0 27 32 34 44
0 0 
0 6 6 26 27 38 39 42
0 5 9 16 30 31 37
0 7 2  3 12 22 26 28 37
0 4 15 22 27 48
0 1 32
0 2 10 37
0 3 22 28 31
0 7 6  7 19 26 31 35 48
0 4 0  9 25 30
0 3 1 22 24
0 1 6
0 4 2 22 40 44
53 0
0 6 4 13 23 33 40 50
0 3 9 24 36
0 6 6 15 21 26 45 47
0 3 9 41 42
0 5 0  5  9 37 52
0 7 4 15 20 26 36 45 46
0 4 2 21 23 38
0 2 31 51
0 5 18 22 24 33 44
0 8 1  3  4 11 22 25 32 46
0 7 14 19 30 31 34 42 46
0 2 9 22
0 5 21 29 37 48 52
0 7 0 17 29 32 41 51 52
0 4 10 25 41 48
0 4 2  5 24 30
0 1 20
0 5 13 23 27 28 32
0 5 8 19 37 40 42
0 8 10 18 22 24 28 33 40 46
0 8 5 16 24 32 42 46 47 48
0 6 2  6 12 30 36 52
0 6 8  9 11 19 27 37
0 4 0  6 17 32
0 7 1  8 15 19 20 36 49
0 3 9 14 31
0 6 2  5 30 37 40 46
0 3 17 22 49
0 5 17 19 38 46 50
0 6 12 13 34 37 38 48
0 6 10 15 21 26 42 46
0 4 7 10 25 39
0 6 9 13 17 20 23 51
0 4 0  8 19 34
0 3 10 29 33
0 2 49 50
0 5 1  5 21 24 52
0 9 4 12 18 22 26 29 40 43 45
0 3 6 28 29
0 6 31 40 44 45 46 50
0 9 0 18 19 26 37 39 43 44 46
0 4 3 13 14 44
0 5 3 10 18 20 30
0 3 37 40 45
0 6 8 39 40 41 45 51
0 7 2  5 37 39 43 44 51
0 10 5  9 10 19 20 26 28 30 39 40
0 3 2 20 52
0 5 12 14 20 29 50
0 3 24 27 35
0 5 0 28 35 39 48
0 6 7 13 32 44 45 52
0 7 4 12 13 21 36 47 51
23 0
0 3 9 15 19
0 3 8 12 13
0 2 9 16
0 1 14
0 0 
0 1 12
0 1 8
0 3 9 10 21
0 2 1 6
0 5 0  2  7 17 20
0 2 7 19
0 1 15
0 4 1  5 18 20
0 2 1 14
0 3 3 13 15
0 3 0 11 14
0 3 2 20 21
0 2 9 20
0 1 12
0 2 0 10
0 6 9 12 16 17 21 22
0 3 7 16 20
0 1 20
40 0
0 3 6  9 12
0 4 2  6 12 22
0 4 1  4 12 28
0 5 4 10 11 34 36
0 9 2  3 12 15 16 19 21 27 30
0 5 8 24 30 33 34
0 2 0 1
0 5 18 20 27 30 33
0 4 5 11 28 34
0 5 0 19 22 27 35
0 3 3 24 26
0 5 3  8 15 16 38
0 7 0  1  2  4 15 23 25
0 7 15 16 22 28 30 32 36
0 4 18 22 24 37
0 7 4 11 12 13 16 31 39
0 7 4 11 13 15 20 25 28
0 1 28
0 2 7 14
0 3 4  9 35
0 3 7 16 34
0 6 4 22 23 30 36 39
0 6 1  9 13 14 21 27
0 3 12 21 38
0 7 5 10 14 28 31 35 39
0 5 12 16 29 30 35
0 3 10 29 37
0 6 4  7  9 22 37 38
0 7 2  8 13 16 17 24 35
0 2 25 26
0 6 4  5  7 13 21 25
0 3 15 24 35
0 1 13
0 2 5 7
0 5 3  5  8 20 39
0 6 9 19 24 25 28 31
0 3 3 13 21
0 4 14 26 27 39
0 3 11 23 27
0 5 15 21 24 34 37
25 0
0 2 8 11
0 0 
0 2 15 22
0 1 8
0 4 9 10 22 23
0 3 11 14 23
0 2 10 22
0 2 10 22
0 7 0  3 11 12 16 17 21
0 2 4 18
0 4 4  6  7 20
0 5 0  5  8 14 20
0 2 8 21
0 2 17 23
0 5 5 11 17 20 21
0 3 2 18 24
0 3 8 17 22
0 4 8 13 14 16
0 2 9 15
0 0 
0 3 10 11 14
0 3 8 12 14
0 5 2  4  6  7 16
0 3 4  5 13
0 1 15
54 0
0 6 4  9 24 34 43 50
0 5 5  8 13 24 27
0 4 9 25 34 46
0 8 7  9 12 14 21 27 40 45
0 5 0 18 26 29 49
0 3 1 25 31
0 5 17 25 43 48 53
0 5 3 32 43 47 48
0 8 1  9 13 15 34 35 38 43
0 7 0  2  3  8 16 22 41
0 3 17 31 46
0 4 21 34 40 45
0 9 3 17 21 33 39 40 42 48 52
0 6 1  8 14 19 38 40
0 4 3 13 38 44
0 4 8 19 21 33
0 4 9 17 20 37
0 6 6 10 12 16 23 49
0 2 4 39
0 8 13 15 24 35 49 51 52 53
0 2 16 34
0 6 3 11 12 15 30 52
0 6 9 23 25 32 48 52
0 4 17 22 33 53
0 9 0  1 19 25 28 33 40 42 50
0 8 2  5  6 22 24 34 39 40
0 6 4 29 31 46 51 53
0 2 1 3
0 4 24 33 34 41
0 5 4 26 41 43 48
0 4 21 34 35 45
0 7 5 10 26 35 41 48 49
0 4 7 22 37 43
0 6 12 15 23 24 28 36
0 10 0  2  8 11 20 25 28 30 37 43
0 6 8 19 30 31 41 43
0 6 33 38 43 48 52 53
0 6 16 32 34 45 46 48
0 6 8 13 14 36 43 49
0 4 12 18 25 47
0 7 3 11 12 13 24 25 46
0 7 9 28 29 31 35 43 47
0 3 12 24 52
0 12 0  6  7  8 29 32 34 35 36 38 41 49
0 1 14
0 4 3 11 30 37
0 6 2 10 26 37 40 52
0 3 7 39 41
0 9 6  7 12 22 29 31 36 37 53
0 7 4 17 19 31 38 43 50
0 3 0 24 49
0 2 19 26
0 7 12 19 21 22 36 42 46
0 6 6 19 23 26 36 48
33 0
0 2 15 16
0 3 7 19 21
0 6 9 16 17 21 27 28
0 3 4 11 31
0 3 3  8 15
0 1 16
0 1 30
0 2 1 15
0 4 4 11 19 20
0 5 2 14 16 21 24
0 1 19
0 2 3 8
0 1 32
0 0 
0 3 9 28 32
0 6 0  4  7 17 29 32
0 5 0  2  5  9 30
0 6 2 15 18 19 20 31
0 2 17 32
0 4 1  8 10 17
0 4 8 17 30 32
0 5 1  2  9 27 28
0 2 24 27
0 0 
0 2 9 22
0 2 26 29
0 1 25
0 4 2 21 22 32
0 4 2 14 21 31
0 2 15 25
0 3 6 16 20
0 3 3 17 28
0 6 12 14 15 18 20 27
59 0
0 6 10 13 15 27 41 48
0 5 4 21 22 37 58
0 7 12 14 22 36 51 53 57
0 6 33 34 39 42 47 50
0 7 1  7 13 14 21 23 58
0 3 17 22 57
0 4 9 34 40 55
0 3 4  9 31
0 8 15 18 19 38 41 47 51 58
0 5 6  7 29 44 48
0 7 0 17 24 26 41 56 58
0 3 19 35 53
0 1 2
0 2 0 4
0 7 2  4 18 23 32 39 52
0 11 0  8 17 23 25 33 37 42 50 52 55
0 5 20 31 53 54 58
0 6 5 10 15 37 47 54
0 4 8 14 41 45
0 7 8 11 27 38 49 54 56
0 5 16 28 34 44 48
0 7 1  4 23 24 30 32 58
0 8 1  2  5 23 25 26 39 50
0 10 4 14 15 21 22 24 27 28 42 58
0 7 10 21 23 28 31 39 43
0 4 15 22 51 54
0 5 10 22 31 45 57
0 9 0 19 23 38 41 43 47 56 57
0 6 20 23 24 30 33 53
0 6 9 35 51 52 57 58
0 8 21 28 32 39 48 50 55 57
0 9 7 16 24 26 32 33 34 42 54
0 7 14 21 30 31 38 41 44
0 5 3 15 28 31 38
0 7 3  6 20 31 46 51 53
0 2 11 29
0 1 2
0 8 1 15 17 39 45 50 51 54
0 7 8 19 27 32 33 52 58
0 10 3 14 22 24 30 37 45 47 53 57
0 1 6
0 7 0  8 10 18 27 32 57
0 7 3 15 23 31 48 55 57
0 3 24 27 54
0 5 9 20 32 47 56
0 5 18 26 37 39 53
0 1 34
0 8 3  8 17 27 39 44 49 58
0 5 0  9 20 30 42
0 2 19 47
0 7 3 15 22 30 37 56 57
0 6 2  8 25 29 34 37
0 5 14 15 29 38 58
0 7 2 11 16 28 34 39 45
0 7 16 17 19 25 31 37 43
0 5 6 15 30 42 56
0 7 10 19 27 44 50 55 58
0 10 2  5 26 27 29 30 39 41 42 50
0 12 1  4  8 10 16 21 23 29 38 47 52 56
22 0
0 2 12 20
0 1 3
0 2 5 12
0 4 1  5 14 18
0 2 6 15
0 5 2  3  8 12 15
0 1 4
0 1 20
0 2 5 12
0 1 13
0 1 20
0 0 
0 6 0  2  5  8 17 20
0 2 9 17
0 2 3 16
0 2 4 5
0 1 14
0 2 12 13
0 1 3
0 1 20
0 5 0  7 10 12 19
0 0 
38 0
0 4 5  7  9 32
0 2 19 35
0 2 13 24
0 3 16 22 36
0 3 14 16 22
0 7 0 10 11 22 33 36 37
0 3 21 27 34
0 3 0 18 24
0 1 21
0 3 0 10 37
0 6 5  9 13 24 30 31
0 3 5 20 21
0 5 25 26 31 33 34
0 5 2 10 20 30 36
0 4 4 19 29 37
0 3 18 20 37
0 4 3  4 17 25
0 3 16 27 33
0 5 7 15 24 28 30
0 3 1 14 33
0 6 11 13 15 28 35 36
0 4 6  8 11 32
0 5 3  4  5 24 30
0 1 26
0 7 2  7 10 18 22 29 34
0 3 12 16 29
0 4 12 23 35 37
0 3 6 17 37
0 2 18 20
0 4 14 24 25 32
0 4 10 13 18 22
0 2 10 12
0 4 0 21 29 37
0 4 5 12 17 19
0 4 6 12 24 36
0 3 1 20 26
0 5 3  5 13 20 34
0 7 5  9 14 15 26 27 32
37 0
0 2 2 35
0 1 5
0 4 0 17 19 28
0 6 11 12 15 16 25 33
0 3 8 14 16
0 5 1  8 17 25 36
0 2 18 36
0 5 13 18 27 30 34
0 5 4  5 24 28 33
0 1 17
0 2 17 29
0 5 3 21 23 34 36
0 4 3 16 23 28
0 3 7 25 29
0 4 4 25 31 32
0 2 3 26
0 5 3  4 12 30 33
0 5 2  5  9 10 21
0 3 6  7 35
0 4 2 22 25 31
0 2 23 29
0 5 11 17 30 34 36
0 2 19 30
0 7 11 12 20 24 25 26 34
0 2 8 23
0 6 3  5 13 14 19 23
0 3 15 23 33
0 1 7
0 6 2  8 12 29 33 36
0 4 10 13 20 28
0 4 7 16 21 22
0 2 14 19
0 1 14
0 5 3  8 16 26 28
0 4 7 11 21 23
0 2 0 18
0 5 5  6 11 21 28
43 0
0 6 15 17 19 21 30 33
0 5 2  6  9 19 35
0 3 1 23 29
0 3 20 27 42
0 1 6
0 4 6  9 16 34
0 5 1  4  5 17 27
0 1 38
0 3 15 22 24
0 5 1  5 35 37 42
0 4 11 32 35 40
0 3 10 29 41
0 4 29 33 40 41
0 3 27 35 36
0 4 23 26 32 34
0 4 0  8 20 42
0 2 5 39
0 5 0  6 25 31 38
0 5 20 25 26 27 42
0 3 0  1 35
0 5 3 15 18 25 37
0 4 0 23 24 38
0 1 8
0 6 2 14 21 28 36 38
0 2 8 21
0 5 17 18 20 28 37
0 3 14 18 37
0 6 3  6 13 18 38 39
0 2 23 25
0 5 2 11 12 39 42
0 3 0 34 35
0 2 17 35
0 4 10 14 40 41
0 3 0 12 40
0 3 5 14 30
0 7 1  9 10 13 19 30 31
0 3 13 23 39
0 4 9 20 25 26
0 5 7 17 21 23 27
0 4 16 27 29 36
0 4 10 12 32 33
0 3 11 12 32
0 5 3  9 15 18 29
43 0
0 7 2  3  9 13 14 19 39
0 1 12
0 3 0 25 32
0 1 0
0 6 8  9 10 27 31 32
0 8 7 14 16 18 29 31 32 39
0 4 8  9 29 40
0 7 5 18 20 21 22 34 40
0 5 4  6 24 34 38
0 7 0  4  6 19 24 29 42
0 4 4 16 18 36
0 3 32 39 41
0 3 1 41 42
0 2 0 25
0 6 0  5 18 32 33 37
0 2 16 41
0 4 5 10 15 31
0 4 20 28 31 34
0 4 5  7 10 14
0 6 0  9 24 30 39 40
0 5 7 17 25 27 38
0 7 7 22 33 34 37 40 42
0 3 7 21 34
0 3 26 29 40
0 4 8  9 19 36
0 5 2 13 20 26 32
0 3 23 25 28
0 5 4 20 37 38 39
0 3 17 26 42
0 5 5  6  9 23 37
0 2 19 36
0 4 4  5 16 17
0 6 2  4  5 11 14 25
0 4 14 21 35 39
0 5 7  8 17 21 22
0 3 33 36 41
0 4 10 24 30 35
0 4 14 21 27 29
0 4 8 20 27 40
0 7 0  5 11 19 27 33 40
0 7 6  7 19 21 23 38 39
0 5 11 12 15 35 42
0 5 9 12 21 28 41
20 0
0 4 6  9 10 15
0 2 7 18
0 1 9
0 4 6  8 10 16
0 3 12 14 15
0 0 
0 4 0  3 12 17
0 5 1  8 10 13 19
0 3 3  7 18
0 4 0  2 17 19
0 5 0  3  7 14 17
0 0 
0 5 4  6 14 18 19
0 2 7 19
0 3 4 10 12
0 2 0 4
0 1 3
0 4 6  9 10 19
0 3 1  8 12
0 5 7  9 12 13 17
29 0
0 3 8 21 25
0 4 2 12 15 26
0 3 1 11 28
0 0 
0 1 22
0 6 7 10 11 17 21 22
0 3 9 16 24
0 2 5 27
0 2 0 23
0 3 6 18 27
0 1 5
0 7 2  5 12 17 22 25 27
0 2 1 11
0 2 18 22
0 1 28
0 1 1
0 2 6 20
0 2 5 11
0 3 9 13 28
0 1 21
0 3 16 22 24
0 3 0  5 19
0 8 4  5 11 13 20 24 26 28
0 3 8 24 26
0 4 6 20 22 23
0 3 0 11 27
0 3 1 22 23
0 4 7  9 11 25
0 4 2 14 18 22
77 1
0 7 21 23 36 41 58 62 71
0 8 8  9 20 44 55 62 66 72
0 10 3 12 19 28 40 45 51 67 70 76
0 6 2  4 39 41 47 59
0 7 3  6  9 23 45 60 71
0 10 8 11 26 27 29 33 44 45 53 70
0 5 4 14 44 58 63
0 8 16 21 23 25 27 29 34 62
0 7 1  5 11 16 51 61 69
0 8 1  4 14 49 56 57 59 72
0 3 33 53 65
0 6 5  8 22 34 42 55
0 8 2 19 53 58 60 61 69 73
0 9 15 27 31 32 36 46 48 51 72
0 7 6  9 16 30 52 62 74
0 6 13 20 22 28 29 43
0 5 7  8 14 21 68
0 3 18 38 62
0 6 17 33 47 52 59 76
0 5 2 12 41 42 73
0 7 1 15 38 39 42 60 65
0 12 0  7 16 39 42 47 51 58 59 64 66 67
0 4 11 15 34 71
0 12 0  4  7 25 32 35 42 48 49 66 69 72
0 4 51 52 60 67
0 7 7 23 31 33 61 62 74
0 5 5 46 48 66 68
0 5 5  7 13 60 67
0 7 2 15 33 41 54 55 59
0 5 5  7 15 35 58
0 9 14 33 34 44 46 53 57 68 74
0 5 13 25 32 52 72
0 6 13 23 31 45 74 76
0 10 5 10 18 25 28 30 50 61 62 70
0 7 7 11 22 30 47 58 66
0 6 23 29 51 60 66 69
0 6 0 13 42 43 53 58
0 3 49 54 68
0 6 17 20 42 46 57 60
0 9 3 20 21 47 48 50 53 68 75
0 2 2 49
0 8 0  3 19 28 58 66 68 76
0 11 11 19 20 21 23 36 38 47 51 54 73
0 7 15 36 50 59 62 65 71
0 5 1  5  6 30 49
0 5 2  4  5 32 56
0 7 13 26 30 38 58 66 69
0 7 3 18 21 34 39 42 64
0 5 13 23 26 39 73
0 9 9 23 37 40 44 54 61 71 74
0 4 33 39 43 72
0 11 2  8 13 21 24 35 42 54 57 67 76
0 6 14 18 24 31 59 74
0 8 5 10 12 30 36 39 61 69
0 8 28 37 42 49 51 60 65 75
0 6 1 11 28 58 73 74
0 2 9 45
0 8 9 30 38 51 63 64 68 72
0 12 0  6 12 21 29 34 36 41 46 55 74 75
0 8 3  9 18 21 28 43 52 62
0 10 4 12 20 24 27 35 38 54 66 72
0 8 8 12 25 33 49 53 62 71
0 11 0  1  7 14 17 25 33 43 59 61 74
0 2 6 57
0 4 21 47 57 76
0 7 10 20 43 54 67 68 69
0 11 1 21 23 26 34 35 41 46 60 67 73
0 8 2 21 24 27 51 65 66 70
0 8 16 26 30 37 39 41 57 65
0 8 8 12 23 35 46 53 65 74
0 4 2  5 33 67
0 6 0  4 22 43 49 61
0 8 1  9 13 23 31 50 57 60
0 6 12 19 42 48 55 66
0 11 14 25 30 32 49 52 55 58 62 69 76
0 3 39 54 58
0 7 2 18 32 41 51 64 74
24 0
0 4 6 10 20 22
0 2 8 14
0 3 11 13 16
0 3 6  8 19
0 4 5  7 12 23
0 4 4  8 18 23
0 3 0  3 20
0 1 4
0 4 1  3  5 10
0 3 10 12 13
0 4 0  8  9 13
0 2 2 23
0 4 4  9 16 23
0 3 2  9 10
0 2 1 23
0 0 
0 2 2 12
0 1 21
0 1 5
0 1 3
0 3 0  6 21
0 2 17 20
0 1 0
0 5 4  5 11 12 14
40 0
0 2 9 17
0 4 11 26 28 33
0 7 6 13 14 15 16 18 28
0 6 7  9 13 18 19 23
0 3 9 13 22
0 5 18 19 24 25 31
0 2 2 35
0 3 3 25 31
0 3 9 23 30
0 6 0  3  4  8 18 23
0 5 28 32 33 36 39
0 5 1 22 29 32 36
0 4 21 26 33 36
0 5 2  3  4 29 38
0 3 2 29 38
0 4 2 19 26 37
0 4 2 19 24 30
0 3 0 21 38
0 6 2  3  5  9 32 34
0 5 3  5 15 16 28
0 5 21 30 31 33 38
0 5 12 17 20 22 24
0 4 4 11 21 33
0 3 3 8 9
0 6 5 16 21 32 37 38
0 4 5  7 31 36
0 4 1 12 15 33
0 0 
0 4 1  2 10 19
0 4 11 13 14 31
0 4 8 16 20 37
0 5 5  7 20 25 29
0 5 10 11 18 24 39
0 7 1 10 12 20 22 26 34
0 3 18 33 38
0 1 6
0 4 10 11 12 25
0 3 15 24 30
0 6 13 14 17 20 24 34
0 2 10 32
35 0
0 4 1 11 24 30
0 5 0 13 26 27 31
0 1 17
0 3 13 16 31
0 0 
0 4 22 23 27 34
0 2 18 20
0 0 
0 2 9 18
0 2 8 22
0 2 16 25
0 4 0 19 24 29
0 1 16
0 4 1  3 15 22
0 3 15 18 31
0 5 13 14 22 24 30
0 7 3 10 12 19 27 31 34
0 4 2 23 26 32
0 5 6  8 14 22 26
0 4 11 16 20 25
0 2 6 19
0 0 
0 6 5  9 13 15 18 31
0 3 5 17 30
0 3 0 11 15
0 2 10 19
0 3 1 17 18
0 5 1  5 16 32 33
0 0 
0 2 11 34
0 4 0 15 23 31
0 7 1  3 14 16 22 30 32
0 3 17 27 31
0 1 27
0 3 5 16 29
66 0
0 7 6 17 18 59 61 62 65
0 10 10 15 20 28 32 38 42 50 55 59
0 7 22 23 28 30 48 58 60
0 6 8 32 33 49 51 65
0 4 28 37 39 42
0 4 9 14 38 55
0 6 0 23 37 42 59 63
0 9 13 16 23 24 29 46 53 58 60
0 6 3 15 39 52 55 65
0 11 5 12 24 26 38 41 45 49 63 64 65
0 5 1 25 27 28 59
0 7 24 27 30 38 52 53 59
0 5 9 13 43 45 53
0 7 7 12 24 25 38 40 61
0 4 5 26 44 45
0 8 1  8 33 37 46 50 58 61
0 7 7 17 23 37 38 58 60
0 5 0 16 29 51 65
0 5 0 31 38 40 60
0 3 37 39 43
0 7 1 24 36 39 43 51 52
0 1 32
0 7 2 24 26 35 37 38 41
0 9 2  6  7 16 26 28 34 54 60
0 11 7  9 11 13 20 22 33 40 41 50 65
0 9 10 13 32 34 36 38 39 44 59
0 8 9 14 22 23 30 45 58 59
0 6 10 11 32 37 56 64
0 8 1  2  4 10 23 35 39 43
0 5 7 17 48 52 57
0 6 2 11 26 31 33 56
0 5 18 30 43 54 59
0 7 1  3 21 25 27 49 56
0 9 3 15 24 30 39 45 54 55 62
0 4 23 25 45 48
0 5 22 28 42 53 62
0 5 20 25 45 52 64
0 9 4  6 15 16 19 22 27 62 64
0 10 1  5  9 11 13 16 18 22 25 50
0 8 4  8 19 20 25 28 33 59
0 4 13 18 24 53
0 6 9 22 24 43 57 63
0 8 1  4  6 35 43 57 58 61
0 8 12 19 20 28 31 41 42 59
0 5 14 25 45 47 63
0 12 9 12 14 26 33 34 36 44 47 50 59 65
0 3 7 15 62
0 3 44 45 53
0 3 2 29 34
0 7 3  9 32 52 53 58 61
0 6 1 15 24 38 45 65
0 3 3 17 20
0 8 8 11 20 29 36 49 53 54
0 9 7 11 12 35 40 47 49 52 59
0 5 23 31 33 52 57
0 6 1  5  8 33 59 62
0 3 27 30 32
0 5 29 41 42 54 65
0 7 2  7 15 16 26 42 49
0 13 0  1  6 10 11 25 26 31 39 43 45 53 55
0 5 2  7 16 18 23
0 6 0 13 15 42 49 65
0 7 0 33 35 37 46 55 65
0 4 6  9 41 44
0 4 9 27 36 37
0 11 0  3  8  9 17 24 45 50 57 61 62
80 1
0 5 32 36 40 60 66
0 9 2  5  8 10 13 14 35 42 62
0 4 1 12 54 79
0 5 22 32 48 68 73
0 5 20 32 33 54 75
0 10 1  7 16 22 24 50 53 54 61 72
0 10 19 29 39 40 42 52 63 71 75 77
0 9 5 11 22 23 25 31 42 60 63
0 5 1 10 15 28 71
0 7 32 35 42 43 48 57 69
0 11 1  8 15 27 30 34 46 57 59 67 72
0 5 7 38 43 48 61
0 10 2 17 20 34 49 60 69 74 75 76
0 3 1 15 60
0 6 1 17 18 23 24 70
0 6 8 10 13 37 51 57
0 5 5 23 43 56 70
0 9 12 14 27 30 33 39 44 45 67
0 7 14 25 27 41 42 78 79
0 7 6 20 21 34 58 64 67
0 8 4 12 19 21 38 54 57 73
0 5 19 20 36 45 55
0 6 3  5  7 34 47 53
0 8 7 14 16 32 36 48 51 64
0 10 5 14 29 32 39 46 47 49 55 57
0 7 7 18 30 38 42 45 72
0 10 29 55 60 65 67 70 72 77 78 79
0 10 10 17 18 32 37 42 58 59 62 66
0 7 8 31 33 34 61 72 76
0 8 6 24 26 38 43 55 65 74
0 8 10 17 25 31 32 38 48 79
0 8 7 28 30 43 67 73 74 77
0 13 0  3  4  9 23 24 27 30 36 51 70 76 78
0 10 4 17 28 40 41 53 58 60 63 75
0 5 10 12 19 22 28
0 10 1  9 41 49 50 54 66 68 69 76
0 13 0 21 23 32 39 44 46 51 64 66 71 75 79
0 10 15 27 43 45 46 51 53 54 68 74
0 10 11 20 25 29 30 44 45 52 69 70
0 9 6 17 24 36 42 50 68 73 79
0 8 0  6 33 43 45 67 75 77
0 6 18 33 35 44 53 62
0 12 1  6  7  9 18 25 27 39 52 66 67 73
0 11 9 11 16 29 31 37 40 53 55 66 76
0 7 17 36 38 41 52 60 79
0 10 17 21 25 37 38 40 48 59 67 74
0 10 10 24 36 37 51 55 59 71 74 75
0 5 22 24 49 60 72
0 10 3  9 11 23 30 45 53 58 66 74
0 6 12 24 35 47 50 70
0 7 5 35 39 49 65 67 71
0 8 15 23 32 36 37 46 61 69
0 7 6 38 42 44 66 77 78
0 13 5 22 33 37 41 43 48 57 59 67 68 70 75
0 6 2  4  5 20 35 37
0 11 21 24 26 29 43 46 57 61 65 68 79
0 4 16 73 77 78
0 9 9 10 15 20 24 53 55 60 67
0 9 19 27 33 48 67 69 71 73 76
0 9 10 27 45 46 53 62 68 70 74
0 10 0  7 12 13 26 33 44 47 57 74
0 6 5 11 28 51 55 64
0 6 1 27 41 59 64 65
0 6 6  7 33 70 75 79
0 7 19 23 36 61 62 70 71
0 7 26 29 50 55 62 69 79
0 9 0 27 35 36 42 43 48 52 74
0 12 10 17 19 26 31 40 42 45 50 53 57 58
0 10 3 35 37 39 53 55 59 74 76 79
0 8 9 12 35 38 51 58 65 71
0 11 14 16 26 32 38 49 53 59 63 64 79
0 10 6  8 36 46 50 58 64 69 74 79
0 7 5 10 25 26 28 47 78
0 7 3 20 31 39 42 56 58
0 13 12 29 31 37 45 46 48 59 60 66 68 71 78
0 9 4  6 12 33 36 40 46 53 63
0 7 12 28 32 35 43 58 68
0 6 6 26 31 40 52 56
0 7 18 26 32 52 56 72 74
0 13 2 18 26 30 36 39 44 55 63 65 68 70 71
29 0
0 3 6 21 26
0 1 23
0 3 4 13 25
0 0 
0 5 2 14 26 27 28
0 2 10 24
0 4 0  7 15 25
0 6 6 11 17 19 25 27
0 0 
0 0 
0 2 5 23
0 3 7 12 17
0 2 11 16
0 3 2 22 28
0 2 4 23
0 4 6 20 27 28
0 1 12
0 3 7 11 26
0 2 24 28
0 3 7 23 25
0 1 15
0 1 0
0 1 13
0 5 1 10 14 19 28
0 2 5 18
0 4 2  6  7 19
0 3 0  4 17
0 3 4  7 15
0 5 4 13 15 18 23
71 0
0 8 3  6  8 10 31 34 37 69
0 11 5 12 17 19 22 27 33 44 51 66 68
0 7 24 28 36 43 47 50 61
0 2 0 22
0 5 14 24 29 33 67
0 5 1  6 14 37 57
0 10 0  5  9 21 27 38 44 51 52 54
0 6 11 22 24 35 39 47
0 6 0  9 16 26 32 56
0 7 6  8 16 19 38 50 70
0 8 0 15 19 27 33 37 38 50
0 7 7 13 15 33 51 59 70
0 11 1 15 19 20 25 31 40 52 53 65 68
0 4 11 38 39 57
0 9 4  5 22 26 30 36 37 54 57
0 6 10 11 12 46 67 69
0 8 8  9 18 27 30 43 44 57
0 5 1 40 44 47 60
0 4 16 21 27 30
0 10 1  9 10 12 25 32 42 50 60 61
0 6 12 31 40 47 55 60
0 5 6 18 33 41 59
0 8 1  3  7 14 27 43 46 53
0 3 28 56 60
0 8 2  4  7 36 41 42 45 56
0 3 12 19 55
0 8 8 14 40 50 53 54 56 60
0 12 1  6 10 16 18 22 35 48 61 62 66 70
0 5 2 23 38 39 60
0 4 4 42 54 68
0 7 14 16 18 32 37 65 68
0 8 0 12 20 45 56 60 63 65
0 5 8 19 30 43 45
0 9 1  4 10 11 21 48 50 64 67
0 4 0 48 55 59
0 5 7 27 46 53 60
0 4 2 14 24 45
0 9 0  5 10 14 30 38 45 55 70
0 9 6  9 10 13 28 37 42 58 64
0 6 7 13 28 43 45 70
0 6 12 17 20 26 42 69
0 5 21 24 43 55 60
0 8 19 24 29 38 40 44 47 60
0 11 2 16 22 32 39 41 45 46 52 67 70
0 10 1  6 16 17 42 46 47 49 60 63
0 9 24 31 32 36 37 39 43 61 65
0 7 15 22 35 43 44 48 67
0 6 2  7 17 20 42 44
0 4 27 33 34 46
0 2 44 66
0 9 2  9 10 19 26 33 51 58 66
0 6 1  6 11 50 56 68
0 6 6 12 43 53 61 70
0 8 12 22 26 35 52 55 57 69
0 5 6 14 26 29 64
0 8 20 25 34 37 41 53 59 69
0 8 8 23 24 26 31 51 58 65
0 5 5 13 14 16 53
0 4 38 50 56 65
0 4 11 21 34 55
0 13 17 19 20 23 26 28 31 35 41 42 44 66 67
0 5 2 19 27 45 52
0 1 27
0 2 31 44
0 3 33 38 54
0 7 12 30 31 45 56 58 69
0 5 1 27 49 50 60
0 6 4 15 33 43 46 60
0 6 1 12 29 30 51 70
0 6 0 15 40 53 55 65
0 8 9 11 27 37 39 43 52 68
35 0
0 5 2  8 10 21 27
0 2 5 22
0 3 0 12 13
0 8 6 15 16 19 22 26 27 32
0 4 15 20 22 33
0 2 1 23
0 5 3 17 28 29 33
0 4 15 29 30 34
0 2 0 19
0 2 27 33
0 3 0 21 31
0 2 20 33
0 2 2 33
0 1 2
0 1 19
0 5 3  4  7 21 24
0 2 3 32
0 2 6 28
0 3 28 29 32
0 6 3  8 14 26 27 28
0 6 4 11 21 23 25 33
0 4 0 10 15 20
0 5 1  3  4 25 30
0 4 5 20 27 30
0 1 15
0 5 20 22 32 33 34
0 2 3 19
0 6 0  3  9 19 23 28
0 5 6 17 18 19 27
0 4 6  7 18 33
0 5 7 22 23 32 33
0 1 10
0 6 3 16 18 25 30 33
0 10 4  6  9 11 12 20 25 29 30 32
0 2 7 25
59 0
0 7 6 23 29 33 34 35 56
0 9 2  7 11 18 45 46 47 51 55
0 7 1  5 18 21 24 31 32
0 6 5 21 33 44 54 57
0 4 16 31 35 36
0 9 2  3 10 13 19 21 28 49 57
0 4 0  8 26 40
0 4 1 10 19 23
0 5 6 19 26 48 51
0 7 11 12 15 20 30 37 40
0 7 5  7 24 31 37 45 53
0 9 1  9 24 25 35 39 46 50 55
0 11 9 14 16 17 18 25 42 43 48 53 56
0 6 5 16 19 26 30 47
0 5 12 38 40 52 55
0 3 9 16 56
0 10 4 12 13 15 20 22 27 31 39 54
0 5 12 18 27 31 33
0 8 1  2 12 17 24 32 46 57
0 8 5  7  8 13 25 39 56 58
0 8 9 16 21 31 34 35 49 51
0 6 2  3  5 20 22 28
0 7 16 21 24 32 33 50 57
0 5 0  7 26 37 38
0 6 2 10 11 18 22 46
0 7 11 12 19 28 41 49 55
0 5 6  8 13 23 35
0 4 16 17 43 50
0 3 5 21 25
0 3 0 35 49
0 6 9 13 37 46 55 56
0 11 2  4 10 16 17 20 37 38 46 49 51
0 6 2 18 22 33 40 54
0 7 0  3 17 22 32 43 57
0 5 0 20 36 44 46
0 8 0  4 11 20 26 29 40 50
0 4 4 34 41 43
0 7 9 10 23 30 31 43 57
0 5 14 23 31 45 55
0 3 11 16 19
0 8 6  9 14 32 35 41 47 48
0 4 25 36 40 53
0 2 12 58
0 8 12 27 33 36 37 46 50 57
0 3 3 34 48
0 5 1 10 38 49 53
0 11 1 11 18 24 30 31 34 43 48 50 56
0 3 1 13 40
0 6 8 12 40 44 46 54
0 6 5 20 25 29 31 45
0 7 11 22 27 35 43 46 51
0 5 1  8 20 31 50
0 1 14
0 4 10 12 41 45
0 5 3 16 32 48 57
0 6 1 11 14 25 30 38
0 6 0 12 15 19 30 46
0 8 3  5 18 22 33 37 43 54
0 2 19 42
39 0
0 5 11 23 26 27 30
0 6 13 31 32 33 35 37
0 0 
0 3 5 10 14
0 5 6 15 19 21 28
0 8 3  7 12 14 19 20 34 35
0 3 4 14 22
0 4 5 23 33 38
0 5 16 18 21 34 36
0 2 18 37
0 4 3 18 35 36
0 3 0 34 36
0 3 5 23 37
0 4 1 18 19 23
0 6 3  5  6 21 27 31
0 2 4 19
0 3 8 20 30
0 1 21
0 5 8  9 10 13 28
0 5 4  5 13 15 22
0 4 5 16 34 36
0 6 4  8 14 17 27 28
0 3 6 19 24
0 8 0  7 12 13 26 30 34 35
0 2 22 32
0 2 32 38
0 2 0 23
0 3 0 14 21
0 3 4 18 21
0 0 
0 4 0 16 23 37
0 4 1 14 34 37
0 5 1 24 25 33 38
0 4 1  7 32 36
0 7 5  8 11 20 23 31 37
0 5 1  5 10 23 37
0 5 8 10 11 20 33
0 7 1  9 12 30 31 34 35
0 3 7 25 32
76 0
0 9 12 16 18 23 31 36 51 54 72
0 3 46 58 65
0 8 7 25 34 37 45 52 53 55
0 3 12 30 67
0 7 16 19 24 31 34 55 74
0 7 8 17 18 20 50 70 75
0 4 23 25 29 43
0 6 2 19 22 33 42 54
0 5 5 15 32 41 57
0 1 47
0 7 16 22 36 42 43 58 69
0 3 30 47 73
0 10 0  3 26 33 41 53 57 66 71 75
0 9 19 23 25 33 36 54 60 63 71
0 6 33 34 52 59 60 64
0 8 8 17 22 27 32 48 50 53
0 8 0  4 10 17 25 32 71 73
0 8 5 15 16 20 37 54 66 73
0 6 0  5 22 24 55 58
0 4 4  7 13 47
0 5 5 17 60 72 75
0 5 24 40 47 68 69
0 8 7 10 15 18 31 36 55 65
0 9 0  6 13 24 29 33 51 56 57
0 8 4 18 21 23 27 33 48 65
0 9 2  6 13 16 46 47 58 61 75
0 7 12 33 34 43 44 51 65
0 9 15 24 30 38 62 64 70 71 72
0 4 46 51 56 57
0 4 6 23 50 67
0 4 3 11 27 73
0 7 0  4 22 50 65 68 72
0 8 8 15 16 36 46 58 59 61
0 10 7 12 13 14 23 24 26 49 50 58
0 10 2  4 14 26 39 43 47 61 67 74
0 4 37 50 61 66
0 10 0 10 13 22 32 54 62 67 69 70
0 5 2 17 35 50 59
0 5 27 40 44 61 73
0 3 34 60 72
0 6 21 38 47 53 59 73
0 6 8 12 43 51 59 68
0 6 7 10 44 63 65 75
0 9 6 10 26 34 41 46 49 53 71
0 8 26 38 42 49 52 61 63 74
0 6 2 47 50 52 62 73
0 6 1 25 28 32 43 47
0 10 9 11 19 21 25 34 40 45 46 72
0 5 15 24 49 51 62
0 6 33 43 44 48 57 62
0 12 5 15 29 31 33 35 37 45 56 58 68 69
0 7 0 23 26 28 41 48 67
0 8 2 14 44 45 53 56 60 62
0 7 2 12 15 40 43 52 65
0 8 0  7 13 17 36 63 73 75
0 5 2  4 18 22 59
0 7 23 28 50 52 57 67 73
0 10 8 12 23 28 49 56 60 62 63 73
0 11 1 10 18 25 32 33 50 62 66 68 75
0 6 14 32 37 40 41 55
0 6 13 14 20 39 52 57
0 6 25 32 34 35 38 44
0 8 27 36 45 48 49 52 57 58
0 7 13 42 44 54 57 64 65
0 4 14 27 63 71
0 10 1 22 24 26 31 42 53 63 69 73
0 5 12 17 35 58 74
0 6 3 29 34 36 51 56
0 7 21 31 41 50 58 69 72
0 6 10 21 36 50 65 68
0 4 5 27 36 75
0 6 12 13 16 27 43 64
0 7 0 20 27 31 39 47 68
0 12 11 16 17 30 38 40 45 54 56 57 65 75
0 4 4 34 44 66
0 9 5 12 20 25 42 54 58 70 73
47 0
0 4 16 24 33 35
0 5 7 19 31 44 45
0 3 12 20 21
0 7 13 16 20 23 24 42 44
0 4 26 35 41 44
0 4 22 34 35 46
0 3 8 31 41
0 4 1 15 35 46
0 4 6 15 19 28
0 3 16 17 20
0 3 12 25 45
0 1 21
0 6 2 10 15 17 19 20
0 3 3 20 44
0 6 15 18 23 24 38 42
0 5 7  8 12 14 25
0 5 0  3  9 29 42
0 6 9 12 19 24 31 46
0 3 14 28 33
0 12 1  8 12 17 23 25 28 38 40 42 45 46
0 8 2  3  9 12 13 28 39 40
0 7 2 11 23 24 27 29 33
0 3 5 37 40
0 4 3 14 19 21
0 8 0  3 14 17 21 25 30 35
0 5 10 15 19 24 29
0 3 4 35 44
0 5 21 28 35 43 46
0 6 8 18 19 20 27 46
0 9 16 21 25 30 32 35 38 39 40
0 5 24 29 34 39 42
0 6 1  6 17 32 44 45
0 5 29 31 35 38 45
0 3 0 18 21
0 2 5 30
0 10 0  4  5  7 24 26 27 29 32 41
0 1 45
0 2 22 43
0 4 14 19 29 32
0 3 20 29 30
0 4 19 20 22 29
0 4 4  6 35 44
0 5 3 14 16 19 30
0 3 27 37 46
0 7 1  3  4 13 26 31 41
0 6 1 10 19 31 32 36
0 7 5  7 17 19 27 28 43
59 0
0 5 9 18 20 35 49
0 4 18 26 31 42
0 6 3  5 11 24 42 44
0 8 2  8 22 26 43 44 52 56
0 6 12 21 36 43 47 57
0 4 2  9 53 56
0 5 27 28 33 38 44
0 4 16 21 27 32
0 3 3 18 53
0 7 0  5 17 29 30 33 34
0 6 17 18 20 40 41 49
0 6 2 20 25 34 38 40
0 7 4 17 22 31 46 47 54
0 4 23 35 41 42
0 3 21 30 33
0 4 25 36 42 47
0 3 7 54 55
0 9 9 10 12 19 26 28 31 36 57
0 7 0  1  8 10 19 36 53
0 10 17 18 29 33 35 43 44 49 53 57
0 7 0 10 11 27 33 41 42
0 9 4  7 14 29 40 49 51 57 58
0 9 3 12 25 36 37 43 44 49 55
0 3 13 29 46
0 4 2 36 37 56
0 5 11 15 22 38 50
0 7 1  3 17 32 33 34 42
0 5 6  7 20 48 52
0 4 6 17 29 37
0 10 9 19 21 23 28 30 31 33 46 47
0 4 9 14 29 33
0 8 1 12 17 29 34 42 53 54
0 8 7 26 36 48 51 52 55 57
0 11 6  9 14 19 20 26 29 30 37 40 48
0 6 9 11 26 31 52 57
0 7 0 13 19 38 49 54 58
0 9 4 15 17 18 22 24 32 42 51
0 9 22 24 28 33 46 47 48 52 57
0 6 6 11 25 35 42 45
0 1 42
0 7 10 11 21 33 41 48 49
0 4 10 13 20 40
0 11 1  2 13 15 20 26 31 36 38 39 55
0 4 3  4 19 22
0 5 2  3  6 19 22
0 2 38 54
0 5 12 23 29 37 50
0 8 4 12 15 29 37 49 50 53
0 7 27 32 33 37 40 51 55
0 9 0 10 19 21 22 35 40 47 53
0 3 25 46 47
0 4 21 32 36 48
0 5 3 27 32 34 37
0 8 5  8 18 19 31 47 49 56
0 5 12 16 31 35 45
0 5 16 22 32 42 48
0 4 3  5 24 53
0 7 4 17 19 21 32 34 37
0 2 21 35
34 0
0 1 21
0 5 6  7 21 26 31
0 3 5 23 31
0 3 14 18 24
0 3 11 23 28
0 4 2  7 12 14
0 2 1 23
0 6 1  5 19 20 27 33
0 0 
0 3 17 22 32
0 1 17
0 3 4 16 28
0 3 5 26 28
0 1 16
0 4 3  5 19 33
0 1 29
0 4 11 13 18 33
0 3 9 10 28
0 2 3 16
0 3 7 14 31
0 2 7 27
0 3 0  1 27
0 2 9 33
0 5 2  4  6 28 33
0 3 3 27 32
0 0 
0 3 1 12 32
0 7 7 20 21 24 30 32 33
0 6 4 11 12 17 23 31
0 2 15 30
0 2 27 29
0 4 1  2 19 28
0 4 9 24 26 27
0 6 7 14 16 22 23 27
53 1
0 7 9 19 20 34 44 45 46
0 4 33 37 40 42
0 7 19 20 21 31 36 43 49
0 6 13 25 31 36 40 42
0 4 6 24 31 33
0 5 7 17 20 29 52
0 4 4 17 24 30
0 5 5 25 27 36 46
0 6 12 24 28 32 34 47
0 9 0 19 23 27 46 47 48 50 51
0 8 12 22 23 29 31 36 38 39
0 5 12 18 22 32 34
0 4 8 10 11 22
0 6 3 17 21 25 33 51
0 2 24 50
0 4 32 40 44 51
0 3 29 41 48
0 7 5  6 13 23 32 46 48
0 3 11 38 50
0 5 0  2  9 38 47
0 6 0  2  5 22 32 47
0 5 2 13 27 47 50
0 9 10 11 12 20 28 35 36 49 51
0 5 9 10 17 29 38
0 10 4  6  8 14 26 27 41 45 46 52
0 7 3  7 13 30 42 48 52
0 6 24 27 35 36 43 47
0 8 7  9 21 24 26 38 39 42
0 5 8 22 34 47 48
0 5 5 10 16 23 38
0 4 6 25 37 48
0 6 2  3  4 10 44 46
0 7 8 11 15 17 20 43 50
0 3 1  4 13
0 5 0  8 11 28 45
0 4 22 26 42 45
0 8 2  3  7 10 22 26 39 42
0 3 1 30 48
0 7 10 18 19 23 27 29 51
0 4 10 27 36 48
0 3 1  3 15
0 3 16 24 44
0 7 1  3 25 27 35 36 43
0 4 2 26 32 42
0 4 0 15 31 41
0 5 0 24 34 35 51
0 6 0  7  9 17 24 31
0 7 8  9 19 20 21 26 28
0 9 9 16 17 25 28 30 37 39 49
0 3 2 22 48
0 6 9 14 18 21 32 52
0 6 9 13 15 22 38 45
0 4 5 24 25 50
22 0
0 3 4 10 19
0 2 3 4
0 4 8 16 18 20
0 2 1 10
0 3 0  1 18
0 2 9 21
0 2 14 21
0 0 
0 1 2
0 1 5
0 2 0 3
0 3 14 17 20
0 1 21
0 0 
0 3 6 11 15
0 1 14
0 1 2
0 1 11
0 3 2  4 20
0 1 0
0 3 2 11 18
0 3 5  6 12
71 1
0 11 7 31 35 38 43 52 55 60 64 66 67
0 4 2  4 37 43
0 7 1 10 27 40 41 52 56
0 4 4 16 44 60
0 11 1  3 10 13 26 32 35 50 51 53 63
0 7 20 22 26 42 46 59 64
0 8 15 45 52 56 62 66 67 69
0 11 0 10 12 16 19 45 52 58 60 61 62
0 5 16 24 39 43 67
0 3 21 41 45
0 6 2  4  7 12 27 41
0 6 20 32 34 49 60 70
0 8 7 10 18 29 33 44 47 57
0 5 4 32 45 59 60
0 2 25 49
0 5 6 21 23 41 46
0 7 3  7  8 17 34 37 59
0 9 16 27 30 33 39 40 46 49 51
0 4 12 45 60 67
0 6 7 27 51 54 59 69
0 4 5 11 32 53
0 5 9 15 53 55 61
0 7 5 27 34 51 56 58 66
0 6 15 36 37 45 62 65
0 7 8 32 38 52 55 58 67
0 5 14 33 36 37 51
0 7 4  5 27 28 29 53 55
0 9 2 10 17 19 22 26 43 55 60
0 5 26 51 54 57 66
0 5 12 26 34 35 57
0 4 17 36 43 54
0 6 0 54 56 58 59 67
0 8 4 11 13 20 24 39 55 59
0 8 12 17 25 34 47 54 59 62
0 10 11 16 22 29 33 44 59 60 61 69
0 9 0  4 29 42 43 52 53 54 64
0 6 23 25 30 40 41 56
0 8 1 16 23 25 48 55 62 65
0 2 0 24
0 9 8 17 32 40 46 48 53 54 69
0 4 2 17 36 39
0 9 2  9 10 15 36 47 49 55 57
0 3 5 35 49
0 8 0  1  8 27 30 35 50 58
0 4 3 12 34 65
0 9 6  7  9 13 18 23 49 69 70
0 6 5 15 17 39 63 67
0 5 12 33 41 56 61
0 6 37 39 52 58 61 67
0 9 11 14 17 41 42 45 53 56 67
0 3 4 43 65
0 11 4 17 19 22 25 28 53 58 64 66 68
0 8 0  2  6  7 24 35 48 57
0 10 4 20 21 26 35 39 49 51 56 59
0 8 19 28 30 31 33 35 39 69
0 10 0 21 24 26 27 32 37 41 63 70
0 10 2  6 22 31 36 47 49 53 57 66
0 8 12 28 29 41 52 56 67 69
0 8 7 22 24 31 43 48 51 59
0 11 5 13 16 19 31 32 33 34 53 58 66
0 11 0  3  7 11 13 18 27 34 65 68 69
0 5 7 21 34 47 48
0 6 6  7 23 33 37 63
0 4 4 46 55 62
0 4 0  5 35 51
0 6 23 37 44 50 60 66
0 8 0  6 22 28 51 56 59 65
0 10 0  6  8 18 24 31 46 48 49 57
0 2 51 60
0 8 6 19 34 39 45 54 57 60
0 3 11 45 55
51 0
0 6 5 11 12 15 26 42
0 4 7 25 43 50
0 1 20
0 2 4 24
0 5 3  7 32 38 39
0 8 0 16 20 25 27 28 36 40
0 6 8  9 26 28 45 49
0 11 1  4  8 13 26 31 36 37 38 48 49
0 6 6  7 11 15 22 35
0 5 6 14 18 21 35
0 4 14 15 27 47
0 6 0  8 22 23 24 45
0 6 0 14 25 32 35 38
0 4 7 23 29 30
0 4 9 10 12 46
0 7 0  8 10 22 30 34 36
0 6 5 26 28 40 43 48
0 4 22 23 28 39
0 5 9 23 41 44 46
0 4 23 26 45 49
0 4 2  5 27 38
0 6 9 23 34 36 38 46
0 7 8 11 15 17 25 38 39
0 12 11 13 17 18 19 21 25 30 35 42 44 48
0 7 3 11 26 36 38 39 46
0 8 1  5 12 22 23 26 45 46
0 10 0  6  7 16 19 24 25 30 32 50
0 4 5 10 20 46
0 6 5  6 16 17 40 45
0 3 13 38 50
0 8 13 15 23 26 38 42 44 48
0 2 7 36
0 3 4 12 26
0 1 36
0 3 15 21 38
0 4 8  9 12 23
0 7 5  7 15 21 24 31 33
0 2 7 43
0 12 4  7 12 20 21 22 24 29 30 34 39 43
0 6 4 17 22 24 38 50
0 3 5 16 28
0 1 18
0 3 0 23 30
0 6 1 16 37 38 47 50
0 3 18 23 30
0 5 6 11 19 25 28
0 6 14 18 21 24 25 27
0 3 10 43 49
0 4 7 16 23 30
0 4 6  7 19 47
0 5 1 26 29 39 43
48 0
0 6 1 13 16 17 21 33
0 7 0  7  9 10 26 27 35
0 2 11 19
0 7 11 13 18 23 29 31 33
0 4 15 25 36 38
0 2 14 26
0 3 31 33 36
0 4 1 21 37 42
0 5 9 19 20 32 41
0 4 1  8 10 29
0 6 1  9 12 22 37 42
0 4 2  3 41 44
0 5 10 18 20 24 40
0 5 0  3 14 19 33
0 3 5 13 29
0 3 4 22 32
0 4 0 26 29 32
0 8 0 26 27 29 37 43 46 47
0 5 3 12 36 44 46
0 7 2  8 13 28 30 37 42
0 6 8 12 23 26 36 38
0 6 0  7 29 35 39 46
0 6 10 15 30 31 39 45
0 4 3 20 31 35
0 1 12
0 3 4 35 43
0 8 1  5 16 17 20 30 38 47
0 5 1 17 28 42 46
0 5 19 27 42 44 46
0 8 3  9 14 16 17 21 38 44
0 6 19 22 26 36 41 42
0 9 3  6 22 23 33 35 36 40 42
0 7 8 15 16 39 41 42 47
0 6 0  3  6 13 31 38
0 2 40 45
0 6 1 21 23 25 31 40
0 7 4  6 18 20 30 31 41
0 5 7 10 17 19 39
0 6 4 20 26 29 33 47
0 4 21 22 32 37
0 5 12 31 34 35 42
0 5 8 11 30 32 36
0 9 7 10 19 27 28 30 31 32 40
0 3 17 25 45
0 4 11 18 28 29
0 4 22 34 43 47
0 5 17 18 21 27 28
0 5 17 26 32 38 45
30 0
0 4 11 22 25 27
0 4 5 14 21 25
0 3 4 14 16
0 2 16 27
0 5 2  6  7 15 29
0 4 1 16 21 25
0 4 4 23 26 29
0 3 4  9 14
0 2 12 16
0 2 7 16
0 1 16
0 3 0 12 26
0 2 8 11
0 2 17 27
0 4 1  2  7 20
0 2 4 23
0 8 2  3  5  8  9 10 18 28
0 2 13 27
0 1 16
0 2 22 24
0 1 14
0 4 1  5 25 27
0 2 0 19
0 3 6 15 29
0 1 19
0 5 0  1  5 21 28
0 3 6 11 28
0 5 0  3 13 17 21
0 3 16 25 26
0 3 4  6 23
30 0
0 3 17 22 25
0 3 6 12 26
0 0 
0 3 9 11 13
0 3 20 22 23
0 4 14 19 21 22
0 3 1 12 18
0 4 19 23 24 27
0 5 9 13 18 21 24
0 3 3  8 25
0 1 16
0 2 3 12
0 7 1  6 11 18 19 22 25
0 3 3  8 17
0 1 5
0 1 26
0 2 10 28
0 3 0 13 27
0 3 6  8 12
0 4 5  7 12 27
0 2 4 23
0 2 5 8
0 5 0  4  5 12 27
0 4 4  7 20 27
0 2 7 8
0 3 0  9 12
0 2 1 15
0 5 7 17 19 22 23
0 1 16
0 0 
63 0
0 3 8 17 56
0 6 3 22 23 47 48 56
0 6 5 17 21 34 39 53
0 4 1  5 51 62
0 7 7  8 42 43 49 50 61
0 8 2  3 14 18 23 38 53 59
0 6 12 13 29 48 51 54
0 11 4  8 23 24 32 40 42 44 50 51 53
0 10 0  4  7 10 15 24 42 44 51 57
0 3 28 30 58
0 4 8 18 35 55
0 6 15 27 41 47 49 50
0 2 6 48
0 5 6 14 15 43 49
0 4 5 13 51 56
0 8 8 11 13 21 25 30 31 58
0 8 25 26 28 33 38 39 44 54
0 4 0  2 26 42
0 6 5 10 34 45 49 50
0 6 28 34 38 44 53 61
0 4 23 38 46 53
0 7 2 15 29 43 47 52 57
0 5 1 26 28 55 62
0 7 1  5  7 20 32 33 58
0 4 7  8 35 40
0 9 15 16 32 39 48 50 54 60 61
0 10 16 17 22 27 29 34 36 38 50 54
0 7 11 26 41 42 52 54 58
0 5 9 16 19 22 62
0 7 6 21 26 32 33 46 56
0 4 9 15 45 59
0 3 15 49 55
0 8 7 23 25 29 39 41 48 51
0 6 16 23 29 35 42 48
0 8 2 18 19 26 37 49 51 59
0 5 10 24 33 38 41
0 3 26 47 56
0 2 34 38
0 10 5 16 19 20 26 35 37 43 45 56
0 9 2 16 25 32 44 45 55 57 58
0 4 7 24 42 50
0 4 11 27 32 35
0 9 4  7  8 17 27 33 40 45 49
0 4 4 13 21 38
0 9 7  8 16 19 39 45 55 57 61
0 7 18 30 38 39 42 44 54
0 3 20 29 49
0 6 1 11 21 36 57 61
0 9 1  6 12 25 32 33 49 51 59
0 10 4 11 13 18 31 34 42 46 48 59
0 7 4  7 11 18 25 26 40
0 10 3  6  7  8 14 32 34 48 57 58
0 4 21 27 59 61
0 5 2  5  7 19 20
0 6 6 16 25 26 27 45
0 7 10 22 31 39 44 58 62
0 6 0  1 14 29 36 38
0 6 8 21 39 44 47 51
0 7 9 15 23 27 39 51 55
0 6 5 30 34 48 49 52
0 1 25
0 6 4 19 25 44 47 52
0 4 3 22 28 55
23 0
0 2 6 18
0 1 10
0 3 3 11 21
0 1 2
0 1 7
0 2 12 18
0 5 0  7 11 13 22
0 4 4  6  8 19
0 1 7
0 2 13 17
0 2 1 19
0 2 2 6
0 1 5
0 3 6  9 17
0 0 
0 0 
0 0 
0 3 9 13 21
0 4 0  5 20 21
0 2 7 10
0 1 18
0 3 2 17 18
0 1 6
72 0
0 6 33 40 49 52 60 68
0 6 5 40 41 44 50 68
0 5 12 44 46 51 67
0 12 8 12 20 29 37 42 43 49 50 53 66 68
0 6 14 18 22 24 43 48
0 5 1  7 20 29 42
0 4 23 28 43 66
0 9 5  9 16 30 34 35 52 56 63
0 6 3 11 15 51 58 59
0 5 7 16 19 48 71
0 6 11 29 33 34 49 65
0 5 8 10 45 52 66
0 6 2  3 15 24 36 37
0 11 18 32 38 40 47 48 54 59 61 62 66
0 9 4 15 30 42 50 57 60 62 66
0 8 8 12 14 19 24 43 63 71
0 9 7  9 20 40 44 47 55 62 67
0 6 23 39 60 63 67 68
0 7 4 13 37 39 48 61 65
0 6 9 15 40 43 55 66
0 4 3  5 16 37
0 4 25 42 50 61
0 6 4 23 30 36 48 51
0 5 6 17 22 31 61
0 4 4 12 15 69
0 4 21 36 39 40
0 6 31 40 50 56 64 66
0 6 28 38 46 62 66 67
0 8 6 27 44 48 55 59 65 68
0 5 3  5 10 50 71
0 7 7 14 22 35 38 43 45
0 3 23 26 34
0 4 13 36 43 52
0 5 0 10 36 47 69
0 6 7 10 31 35 36 40
0 4 7 30 34 59
0 8 12 22 25 32 33 34 42 68
0 8 3 12 18 20 51 52 63 65
0 4 13 27 30 70
0 9 17 18 25 40 49 53 55 59 62
0 12 0  1 13 16 19 25 26 34 39 56 63 64
0 1 1
0 7 3  5 14 21 36 44 46
0 9 3  4  6 15 19 30 32 46 65
0 6 1  2 16 28 42 55
0 4 11 30 56 66
0 6 2 27 42 43 48 58
0 3 13 16 33
0 12 4  9 13 18 22 28 46 52 55 60 66 71
0 7 0  3 10 39 57 58 62
0 7 1  3 14 21 26 29 57
0 7 2  8 22 37 55 58 66
0 8 0  7 11 32 37 48 62 67
0 4 3 39 57 58
0 4 13 57 60 68
0 11 16 19 28 39 44 48 51 56 64 70 71
0 7 7 26 40 45 55 60 63
0 5 14 49 50 53 54
0 6 8 46 49 51 53 59
0 8 8 13 28 35 39 58 66 67
0 6 0 14 17 48 54 56
0 6 13 18 21 23 67 69
0 10 13 14 16 27 39 49 52 63 68 69
0 8 7 15 17 37 40 56 62 70
0 3 26 40 55
0 6 10 18 28 37 43 66
0 13 3  6 11 13 14 19 26 27 45 48 51 59 65
0 7 2 16 17 27 52 59 61
0 8 0  1  3 17 28 36 54 62
0 4 24 33 61 62
0 3 38 55 63
0 5 9 15 29 48 55
76 1
0 9 9 13 19 34 52 66 73 74 75
0 10 4 11 25 31 32 40 42 43 50 62
0 8 6 15 43 49 53 57 60 72
0 7 6  7 15 28 37 53 59
0 9 1 11 18 25 53 59 65 69 73
0 4 11 20 45 46
0 8 2  3  7 41 50 55 58 70
0 9 3  6  9 12 28 38 45 69 73
0 7 13 31 33 43 51 56 62
0 6 0  7 27 35 43 68
0 12 15 17 23 29 30 32 34 35 48 52 67 73
0 7 1  4  5 20 30 38 53
0 4 7 36 52 70
0 11 0  8 14 16 22 29 34 43 66 68 75
0 7 13 19 24 29 38 45 51
0 11 2  3 10 19 21 24 30 49 52 73 75
0 6 13 22 31 33 36 74
0 5 10 22 43 48 63
0 6 4 33 39 42 48 61
0 12 0 14 15 23 24 29 51 53 62 68 69 75
0 5 5 11 26 29 35
0 5 15 33 52 57 61
0 10 13 16 17 35 39 40 54 57 67 73
0 5 10 19 40 54 58
0 7 14 15 19 33 34 37 70
0 3 1  4 32
0 8 20 32 33 36 50 51 60 69
0 5 9 37 45 51 53
0 7 3  7 44 45 47 60 72
0 9 10 13 14 19 20 36 38 47 58
0 7 10 11 15 36 49 63 75
0 5 1  8 16 48 73
0 8 1 10 25 26 48 62 63 66
0 12 8 16 18 21 24 26 45 48 50 51 58 67
0 10 0 10 13 24 35 40 60 68 69 71
0 7 9 10 20 22 34 36 48
0 11 12 16 26 29 30 35 40 50 62 64 75
0 9 3 24 27 45 46 47 55 58 62
0 8 7 11 14 29 55 56 73 74
0 5 18 22 57 69 70
0 10 1 22 23 34 36 48 50 52 53 65
0 4 6 44 59 64
0 3 1 18 57
0 9 1  2  8  9 13 17 48 53 72
0 4 28 41 54 71
0 13 5  7 14 27 28 33 37 53 58 67 70 71 74
0 2 5 37
0 7 28 29 37 51 62 63 69
0 11 10 17 18 31 32 33 35 40 43 72 74
0 4 2 15 30 75
0 9 1  6 26 33 36 40 53 55 67
0 8 8 14 19 26 27 33 47 55
0 9 0 10 12 15 21 40 57 61 69
0 14 2  3  4 11 19 27 40 43 45 50 54 60 69 73
0 9 22 23 44 53 55 56 64 66 70
0 8 6 37 38 50 51 54 71 72
0 6 8 38 54 58 59 62
0 8 2 21 22 39 42 52 59 63
0 9 6 23 29 33 37 45 56 59 74
0 8 3  4 41 56 57 58 64 65
0 6 2 26 28 34 53 73
0 6 18 21 52 67 71 75
0 8 1  8 19 32 36 37 47 56
0 6 17 30 32 47 57 72
0 4 36 41 54 59
0 3 4 40 59
0 5 0 13 32 54 68
0 6 10 22 33 45 50 61
0 6 9 13 19 34 66 71
0 10 4  7 19 26 34 39 47 52 53 70
0 8 6 12 24 39 45 54 69 71
0 7 34 44 45 55 61 68 70
0 7 2 28 43 48 55 63 75
0 11 0  4  7 10 15 22 31 38 53 60 74
0 7 0 16 38 45 48 58 73
0 9 0 13 15 19 30 36 49 61 72
40 0
0 4 12 23 24 26
0 7 3 16 17 22 34 35 38
0 2 14 15
0 8 1 10 12 16 17 18 24 36
0 3 29 34 38
0 5 10 22 26 27 34
0 5 7 20 21 32 38
0 4 6  9 36 37
0 2 9 30
0 7 7  8 18 21 25 34 36
0 3 3  5 36
0 3 16 30 39
0 6 0  3 20 22 31 32
0 4 14 30 33 37
0 3 2 13 26
0 3 2 22 33
0 9 1  3 11 22 24 26 33 36 39
0 3 1  3 32
0 6 3  9 19 29 35 38
0 2 18 28
0 6 6 12 26 34 35 37
0 3 6  9 32
0 6 1  5 12 15 16 37
0 2 0 27
0 6 0  3 16 29 33 36
0 3 9 27 33
0 8 0  5 14 16 20 33 35 39
0 5 5 23 25 32 38
0 1 19
0 4 4 18 24 38
0 4 8 11 13 35
0 2 12 34
0 5 6 12 17 21 27
0 7 13 15 16 24 25 26 39
0 6 1  4  5  9 20 31
0 6 1 18 20 26 30 39
0 6 3  7  9 10 16 24
0 4 7 13 20 22
0 6 1  4  6 18 27 29
0 5 11 16 26 33 35
64 0
0 7 3 12 13 23 36 42 58
0 6 6 28 30 44 46 59
0 3 4  9 61
0 10 0  6 13 14 17 18 25 27 44 54
0 6 2 14 23 24 30 33
0 2 26 45
0 7 1  3 17 21 34 43 52
0 8 10 20 39 41 49 50 57 58
0 5 27 34 38 42 43
0 11 2 26 27 34 35 36 37 44 60 62 63
0 6 7 16 19 39 40 49
0 8 12 18 29 30 36 51 54 56
0 7 0 11 17 27 47 55 59
0 7 0  3 22 25 40 54 56
0 6 3  4 16 17 50 51
0 3 46 59 63
0 8 10 14 26 28 30 43 48 62
0 10 3  6 12 14 22 25 31 42 54 60
0 7 3 11 22 33 48 50 51
0 5 10 25 31 47 60
0 7 7 36 43 45 60 61 63
0 4 6 26 51 56
0 7 13 17 18 40 56 61 62
0 3 0  4 42
0 5 4 29 38 44 51
0 5 3 13 17 19 32
0 6 5  9 16 21 30 49
0 5 3  8  9 12 49
0 7 1 16 33 44 52 54 58
0 4 11 24 60 62
0 7 1  4 11 16 26 50 52
0 4 17 19 44 46
0 7 25 34 36 41 44 45 54
0 6 4 18 28 41 47 53
0 5 6  8  9 32 37
0 2 9 36
0 8 0  9 11 20 32 35 39 41
0 7 9 34 45 50 56 57 63
0 6 8 24 39 45 52 54
0 9 7 10 36 38 44 45 48 56 57
0 4 10 13 22 57
0 8 7 32 33 36 43 48 52 58
0 5 0  8 17 23 51
0 7 6  8 16 20 41 45 46
0 13 1  3  9 24 28 31 32 39 45 47 49 50 63
0 9 5 20 32 37 38 39 43 44 46
0 7 1 15 31 43 45 51 57
0 5 12 19 33 44 52
0 7 16 18 39 41 49 51 63
0 7 7 10 26 27 44 48 60
0 8 7 14 18 30 37 44 51 61
0 10 11 14 18 21 24 42 46 48 50 60
0 6 6 28 30 38 41 47
0 1 33
0 8 3 11 13 17 28 32 38 60
0 2 12 59
0 7 11 13 21 22 37 39 61
0 5 7 37 39 40 46
0 5 0  7 28 41 59
0 6 1 12 15 55 58 62
0 9 9 17 19 20 29 49 51 54 63
0 6 2 20 22 50 56 62
0 6 9 16 22 29 59 61
0 7 9 15 20 37 44 48 60
20 0
0 2 6 15
0 2 3 18
0 0 
0 2 1 13
0 0 
0 2 9 10
0 4 0  8  9 11
0 0 
0 1 6
0 3 5  6 18
0 2 5 15
0 2 6 19
0 0 
0 1 3
0 1 15
0 3 0 10 14
0 0 
0 0 
0 2 1 9
0 1 11
76 1
0 9 5 16 24 27 59 61 65 68 72
0 8 15 19 25 38 49 59 62 75
0 8 11 31 42 43 49 50 64 75
0 8 5 30 31 35 38 56 67 72
0 3 20 40 47
0 15 0  3  7 13 19 36 38 44 46 51 53 54 59 65 70
0 4 28 40 41 69
0 4 5 25 52 55
0 8 15 17 22 42 52 62 63 73
0 3 26 33 62
0 7 18 30 34 42 52 60 64
0 10 2 14 18 27 32 38 52 67 72 74
0 11 21 22 26 38 40 44 54 58 64 67 75
0 7 5 26 29 35 39 51 63
0 7 11 26 38 53 56 70 73
0 7 1  8 20 26 46 63 72
0 6 0 34 38 46 59 75
0 6 8 22 34 40 48 74
0 7 10 11 21 37 61 69 74
0 5 1  5 24 51 71
0 9 4 15 38 52 56 59 62 74 75
0 10 12 18 23 39 40 56 60 67 72 74
0 9 8 12 17 34 42 53 63 65 74
0 6 21 43 46 48 51 62
0 8 0 19 25 52 54 55 62 74
0 6 1  7 24 37 38 75
0 10 9 12 13 14 15 41 46 48 52 69
0 6 0 11 32 39 60 63
0 8 6 41 42 43 52 57 61 67
0 3 13 31 34
0 4 3 10 43 74
0 5 2  3 29 43 73
0 2 11 27
0 4 9 58 63 66
0 11 10 16 17 22 29 36 37 39 46 49 55
0 5 3 13 44 68 74
0 7 5 34 44 53 63 65 71
0 5 18 25 34 46 62
0 15 1  3  5 11 12 14 16 20 25 39 41 44 52 59 71
0 11 13 21 27 34 38 45 46 50 51 52 60
0 9 4  6 12 17 21 48 49 52 64
0 8 6 26 28 38 53 61 62 63
0 7 2  8 10 22 28 71 75
0 10 2 23 28 30 31 47 49 51 58 73
0 10 5 12 35 36 38 52 54 57 66 70
0 4 39 60 62 72
0 13 5 15 16 23 26 34 37 39 50 55 56 59 62
0 6 4 43 49 54 62 71
0 9 17 23 26 40 55 59 73 74 75
0 10 1  2 34 40 43 47 55 57 63 71
0 7 2 39 46 51 52 63 70
0 8 5 13 19 23 39 43 50 73
0 17 7  8 10 11 20 24 26 28 38 39 40 44 50 60 61 70 73
0 8 5 14 22 36 41 66 72 73
0 8 5 12 24 44 47 69 74 75
0 8 7 24 34 46 48 49 65 74
0 8 3 14 20 21 46 57 65 71
0 4 28 44 49 56
0 7 12 33 43 62 64 74 75
0 10 0  1  5 16 20 38 46 48 64 71
0 8 10 21 27 39 45 52 65 72
0 6 0 18 28 41 52 62
0 15 1  8  9 20 23 24 37 41 45 46 47 58 61 71 72
0 11 8 13 15 22 27 33 36 41 49 50 71
0 7 2 10 12 40 58 59 65
0 8 0  5 22 36 55 56 60 64
0 3 33 44 53
0 6 3 11 12 21 28 71
0 2 0 35
0 5 6 18 26 54 73
0 6 5 14 44 50 52 73
0 11 19 36 38 42 47 49 56 59 62 63 67
0 10 0  3 11 15 21 45 53 60 62 73
0 11 8 14 31 43 48 51 52 53 69 70 72
0 13 11 17 18 20 21 22 24 30 35 48 54 55 58
0 10 1  2 12 16 20 25 42 48 54 58
45 0
0 1 37
0 6 2 18 24 28 43 44
0 4 1 22 41 44
0 8 4  9 10 15 17 21 39 44
0 5 3  5 27 39 44
0 4 4 14 18 23
0 5 8 16 26 30 32
0 4 18 22 29 35
0 5 6 12 26 35 44
0 4 3 12 39 43
0 4 3 21 25 43
0 4 18 19 39 40
0 3 8  9 42
0 5 23 24 36 39 44
0 4 5 18 20 36
0 7 3 22 25 33 38 41 43
0 1 6
0 6 3 25 27 33 34 41
0 6 1  5  7 11 14 21
0 3 11 30 39
0 2 14 29
0 5 3 10 18 37 38
0 3 2  7 15
0 4 5 13 26 27
0 4 1 13 26 40
0 7 10 15 17 26 38 39 40
0 6 6  8 23 24 25 30
0 5 4 17 23 37 38
0 1 1
0 3 7 20 38
0 4 6 19 26 44
0 0 
0 2 6 39
0 4 15 17 34 35
0 2 17 33
0 3 7  8 33
0 2 13 14
0 4 0 21 27 39
0 5 15 21 25 27 29
0 10 3  4  9 11 13 19 25 32 37 42
0 4 11 24 25 42
0 4 2 15 17 44
0 4 12 39 40 44
0 4 1  9 10 15
0 9 1  2  3  4  8 13 30 41 42
34 0
0 1 11
0 2 21 30
0 5 3  8 10 14 23
0 7 2  4 10 17 21 31 32
0 6 3  6  9 11 24 32
0 0 
0 8 4 10 13 14 16 20 31 33
0 2 14 26
0 3 2  9 13
0 4 4  8 20 30
0 6 2  3  6 13 14 20
0 4 0  4 18 28
0 0 
0 4 6  8 10 27
0 8 2  6  7 10 22 25 26 27
0 2 27 33
0 4 6 20 23 28
0 1 3
0 3 11 26 32
0 1 22
0 6 6  9 10 16 26 28
0 3 1  3 31
0 2 14 19
0 4 2 16 28 32
0 2 4 28
0 3 14 29 30
0 5 7 14 18 20 29
0 4 13 14 15 28
0 6 11 16 20 23 24 27
0 2 25 26
0 4 1  9 25 32
0 3 3  6 21
0 5 3  4 18 23 30
0 2 6 15
49 0
0 1 6
0 5 19 27 30 33 37
0 1 32
0 3 13 16 19
0 8 5 19 26 30 33 38 41 42
0 5 4 23 31 40 48
0 8 0 12 13 17 23 36 42 48
0 5 20 29 32 37 46
0 6 9 12 14 28 43 45
0 7 8 12 21 23 24 25 26
0 7 21 28 33 37 39 42 44
0 1 25
0 4 6  8  9 42
0 4 3  6 18 38
0 5 8 25 32 37 45
0 1 23
0 3 3 20 39
0 3 6 34 36
0 3 13 25 29
0 7 1  3  4 30 34 35 39
0 4 7 16 26 47
0 7 9 10 31 35 36 39 48
0 2 23 34
0 11 5  6  9 15 22 27 28 31 34 36 41
0 4 9 30 45 46
0 6 9 11 14 18 29 33
0 4 4  9 20 28
0 2 1 23
0 6 8 10 23 26 29 48
0 5 7 18 25 28 38
0 7 1  4 19 24 33 41 47
0 4 5 21 23 36
0 4 2  7 14 37
0 5 1  4 10 25 30
0 7 17 19 22 23 36 37 39
0 5 19 21 39 40 44
0 7 6 17 21 23 31 34 43
0 6 1  7 10 14 32 34
0 4 4 13 29 40
0 6 10 16 19 21 34 35
0 5 5 35 38 44 47
0 4 4 23 30 46
0 4 4  6 10 12
0 2 8 36
0 3 10 35 40
0 3 8 14 24
0 3 7 24 41
0 3 20 30 40
0 4 5  6 21 28
44 0
0 5 5 12 18 26 28
0 4 3 25 27 31
0 7 18 19 26 28 33 35 41
0 7 1  4  9 15 17 23 40
0 6 3 12 18 23 25 38
0 3 0 24 37
0 4 24 36 38 39
0 4 14 17 31 42
0 4 28 37 39 43
0 1 3
0 4 11 16 20 42
0 3 10 23 38
0 6 0  4 22 32 38 43
0 1 23
0 5 7 19 27 31 40
0 4 3 20 30 43
0 5 10 18 20 27 30
0 3 3  7 29
0 7 0  2  4 16 22 26 28
0 3 2 14 40
0 3 10 15 16
0 5 25 30 36 39 42
0 3 12 18 26
0 6 3  4 11 13 39 41
0 4 5  6 25 29
0 7 1  4 21 24 26 28 34
0 6 0  2 18 22 25 37
0 7 1 14 16 30 33 39 43
0 6 0  2  8 18 25 31
0 3 17 24 36
0 4 15 16 21 27
0 5 1  7 14 28 36
0 2 12 41
0 4 2 27 40 42
0 1 25
0 1 2
0 4 6 21 29 31
0 3 5  8 26
0 6 4  6 11 12 41 42
0 5 6  8 21 23 27
0 5 3 14 19 33 43
0 5 2 23 32 38 42
0 6 7 10 21 33 38 41
0 5 8 12 15 27 40
41 0
0 1 39
0 2 3 38
0 2 11 32
0 5 1  6  7 18 31
0 4 14 28 31 38
0 3 22 30 32
0 7 3 10 13 22 30 34 37
0 3 3 35 36
0 1 13
0 1 15
0 6 6 15 16 27 28 39
0 3 2 15 39
0 2 32 39
0 5 6  8 17 27 33
0 3 4 16 22
0 6 9 10 11 26 27 28
0 5 10 14 26 31 36
0 9 13 18 21 23 24 28 32 34 37
0 5 3 17 19 27 31
0 2 18 21
0 1 26
0 5 17 19 27 31 35
0 4 5  6 14 26
0 2 17 32
0 4 17 32 37 39
0 1 33
0 4 15 16 20 22
0 7 10 13 15 18 21 36 37
0 7 4 10 15 17 33 35 38
0 0 
0 2 5 6
0 5 3  4 16 18 21
0 6 2  5 12 17 23 24
0 3 13 25 28
0 3 6 17 40
0 3 7 21 28
0 4 7 16 27 38
0 4 6 17 24 27
0 4 1  4 28 36
0 5 0 10 11 12 24
0 1 34
20 0
0 2 2 6
0 1 8
0 2 0 10
0 0 
0 4 6  9 11 19
0 0 
0 4 0  4  8 16
0 0 
0 2 1 6
0 3 4 13 19
0 3 2 13 16
0 2 4 15
0 1 16
0 3 9 10 14
0 2 13 16
0 1 11
0 5 6 10 12 14 17
0 1 16
0 0 
0 2 4 9
41 0
0 3 19 28 36
0 3 19 28 29
0 3 6 11 33
0 2 8 32
0 2 35 37
0 5 6 11 15 28 31
0 4 2  5 12 33
0 3 21 27 29
0 3 3 28 37
0 2 16 18
0 5 20 23 27 30 38
0 2 2 5
0 4 6 14 27 34
0 2 16 21
0 3 12 24 35
0 5 5 26 27 34 36
0 4 9 13 20 22
0 1 23
0 2 9 24
0 4 0  1 24 40
0 6 10 16 21 28 32 33
0 6 7 13 20 24 32 36
0 5 16 26 30 33 35
0 3 10 17 28
0 5 14 18 19 21 30
0 2 33 36
0 4 15 22 27 31
0 7 7 10 12 15 26 28 39
0 8 0  1  5  8 20 23 27 38
0 4 1  7 34 36
0 4 10 22 24 32
0 3 5 26 32
0 5 3 20 21 30 31
0 5 2  6 20 22 25
0 3 12 15 29
0 3 4 14 22
0 6 0 15 21 25 29 39
0 2 4 8
0 2 10 28
0 2 27 36
0 1 19
40 0
0 3 17 24 28
0 3 9 29 36
0 1 37
0 1 6
0 2 9 31
0 1 39
0 2 3 31
0 5 10 13 14 28 38
0 5 9 16 18 25 37
0 5 1  4  8 13 35
0 5 7 19 29 31 35
0 1 33
0 2 35 38
0 2 7 9
0 2 7 31
0 3 26 30 39
0 6 8 18 21 33 34 38
0 3 0 20 28
0 5 8 16 25 32 37
0 6 10 20 21 34 36 39
0 6 17 19 26 33 38 39
0 3 16 19 31
0 1 28
0 2 28 34
0 1 0
0 2 8 18
0 3 15 20 27
0 3 26 30 36
0 6 0  7 17 22 23 38
0 3 1 10 34
0 2 15 27
0 6 4  6 10 14 21 34
0 1 18
0 4 11 16 20 39
0 6 16 19 23 29 31 38
0 3 9 10 12
0 4 1 19 27 37
0 4 2  8 18 36
0 6 7 12 16 20 28 34
0 5 5 15 19 20 33
31 0
0 2 5 30
0 3 2  3 20
0 3 1 16 30
0 3 1  9 10
0 3 5 11 29
0 6 0  4  6  8 25 27
0 1 5
0 3 23 24 29
0 3 5 13 14
0 2 3 23
0 3 3 18 24
0 3 4 13 15
0 3 13 25 29
0 5 8 11 12 25 29
0 1 8
0 3 11 23 29
0 2 2 20
0 2 21 24
0 2 10 19
0 3 18 24 27
0 3 1 16 21
0 5 17 20 22 26 27
0 2 21 27
0 3 7  9 15
0 4 7 10 17 19
0 3 5 12 13
0 2 21 27
0 5 5 19 21 22 26
0 0 
0 5 4  7 12 13 15
0 2 0 2
42 0
0 5 10 11 15 25 32
0 3 5  9 15
0 3 5 16 21
0 6 9 11 26 28 35 39
0 2 29 37
0 4 1  2 22 41
0 4 7 16 29 39
0 1 6
0 5 9 24 28 37 39
0 8 1  3  8 14 20 27 31 40
0 5 0 11 17 18 32
0 7 0  3 10 13 14 36 38
0 4 19 20 24 40
0 3 11 23 31
0 6 9 11 20 25 36 37
0 6 0  1 24 26 28 40
0 4 2  6 30 31
0 2 10 35
0 2 10 35
0 4 12 23 26 29
0 5 9 12 14 23 32
0 3 2 25 32
0 3 5 29 32
0 4 13 19 20 30
0 7 8 12 15 27 29 35 36
0 5 0 14 21 26 35
0 5 3 15 19 25 37
0 2 9 24
0 4 3  8 15 31
0 7 4  6 19 22 24 30 31
0 5 16 23 29 34 38
0 6 9 13 16 28 29 40
0 6 0 10 20 21 22 33
0 1 32
0 4 30 35 39 41
0 7 3 17 18 24 25 34 41
0 4 11 14 24 40
0 4 4  8 14 26
0 2 11 30
0 4 3  6  8 34
0 5 9 12 15 31 36
0 3 5 34 35
52 0
0 4 1  3 15 33
0 7 0 10 20 25 37 45 47
0 5 3 39 45 48 51
0 11 0  2  6  9 15 21 22 36 44 46 50
0 2 28 40
0 6 7 19 21 23 38 44
0 7 3 27 34 38 41 44 51
0 7 5 11 13 15 20 21 24
0 4 10 11 34 37
0 5 3 17 27 31 34
0 5 1  8 14 33 46
0 6 7  8 12 17 26 41
0 6 11 19 22 34 47 49
0 7 7 16 30 34 38 46 47
0 1 10
0 10 0  3  7 21 23 27 30 32 39 49
0 2 13 48
0 4 9 11 30 43
0 3 27 38 47
0 5 5 12 20 43 45
0 4 1  7 19 45
0 7 3  5  7 15 29 46 49
0 7 3 12 24 29 31 37 44
0 7 5 15 31 40 45 46 47
0 4 7 22 37 51
0 4 1 26 39 50
0 4 11 25 42 51
0 6 6  9 15 18 38 51
0 6 4 30 34 41 42 44
0 7 21 22 37 38 39 43 44
0 6 13 15 17 28 43 48
0 3 9 22 23
0 2 15 38
0 4 0 10 39 45
0 9 6  8  9 12 13 28 42 45 50
0 1 42
0 2 3 42
0 6 1  8 22 24 29 48
0 8 5  6 13 18 27 29 32 41
0 6 2 15 25 29 33 43
0 2 4 23
0 6 6 11 28 38 42 45
0 7 26 28 34 35 36 41 50
0 6 17 19 29 30 39 50
0 7 3  5  6 22 28 29 45
0 10 1  2 19 20 23 33 34 41 44 50
0 5 3 10 13 21 23
0 5 1 12 13 18 23
0 5 2 16 30 37 50
0 3 12 15 21
0 7 3 25 34 42 43 45 48
0 5 2  6 24 26 27
31 0
0 3 8 14 26
0 7 11 20 21 22 23 27 28
0 1 17
0 1 11
0 2 25 26
0 1 23
0 3 23 25 30
0 1 12
0 1 0
0 0 
0 2 17 29
0 4 1  3 15 23
0 2 7 23
0 1 25
0 4 0 18 19 29
0 3 11 18 21
0 1 19
0 2 2 10
0 3 14 15 30
0 5 14 16 20 27 28
0 3 1 19 27
0 2 1 15
0 1 1
0 5 1  5  6 11 12
0 0 
0 4 4  6 13 28
0 3 0  4 30
0 3 1 19 20
0 3 1 19 25
0 2 10 14
0 3 6 18 26
26 0
0 4 6 10 14 18
0 3 11 17 23
0 0 
0 1 19
0 0 
0 1 10
0 2 0 11
0 2 16 18
0 1 9
0 5 8 10 16 21 25
0 5 0  5  9 15 18
0 2 1 6
0 2 18 24
0 0 
0 4 0 21 24 25
0 1 10
0 4 7  9 17 24
0 2 1 16
0 5 0  7 10 12 23
0 2 3 22
0 0 
0 3 9 14 24
0 2 19 24
0 2 1 18
0 6 12 14 16 21 22 25
0 3 9 14 24
49 1
0 3 29 30 38
0 6 11 17 21 27 32 36
0 4 4  6 31 34
0 5 6 22 26 30 36
0 3 2 35 46
0 4 32 33 40 41
0 4 2  3 12 24
0 6 8 18 24 39 41 45
0 4 7  9 15 19
0 4 8 17 24 27
0 4 23 40 42 48
0 4 1 15 33 35
0 3 6 34 36
0 5 18 22 25 39 47
0 3 29 38 42
0 4 8 11 25 39
0 5 31 35 36 40 44
0 6 1  9 21 22 39 41
0 3 7 13 31
0 3 8 22 30
0 4 24 30 47 48
0 6 1 17 37 41 43 46
0 8 3 13 17 19 25 31 41 46
0 2 10 38
0 7 6  7  9 20 27 34 41
0 4 13 15 22 28
0 2 3 29
0 4 1  9 24 34
0 5 25 29 39 40 44
0 7 0 14 26 28 31 32 39
0 5 0  3 19 20 32
0 6 2 16 18 22 29 39
0 6 1  5 29 30 47 48
0 2 5 11
0 6 2 12 24 27 37 42
0 5 4 11 16 39 48
0 7 1  3 12 16 44 45 48
0 3 21 34 38
0 6 0 14 23 37 40 44
0 9 7 13 15 17 28 29 31 35 40
0 7 5 10 16 28 38 39 44
0 6 5  7 17 21 22 24
0 4 10 14 34 45
0 2 21 48
0 5 16 28 36 38 40
0 3 7 36 42
0 3 4 21 22
0 3 13 20 32
0 6 10 20 32 35 36 43
26 0
0 3 5 11 15
0 2 7 20
0 3 9 20 22
0 2 17 20
0 0 
0 3 0 11 15
0 1 23
0 3 1 13 19
0 2 17 18
0 3 2 15 25
0 2 19 24
0 3 0  5 17
0 3 15 20 21
0 3 7 16 22
0 1 19
0 5 0  5  9 12 23
0 2 13 21
0 4 3  8 11 22
0 3 8 21 24
0 5 7 10 14 21 24
0 4 1  2  3 12
0 5 12 16 18 19 22
0 4 2 13 17 21
0 2 6 15
0 3 10 18 19
0 1 9
35 0
0 2 6 12
0 1 9
0 0 
0 1 30
0 2 9 23
0 3 6 13 19
0 5 0  5  7 15 33
0 4 6 16 26 28
0 3 10 13 26
0 3 1  4 15
0 5 8 12 13 25 29
0 1 22
0 3 0 10 33
0 4 5  8 10 19
0 2 16 32
0 4 6  9 29 30
0 3 7 14 28
0 0 
0 1 34
0 3 5 13 25
0 2 26 32
0 2 23 30
0 2 11 29
0 5 4 21 24 25 33
0 1 23
0 5 10 19 23 31 33
0 3 7  8 20
0 1 31
0 3 7 16 32
0 4 10 15 22 30
0 4 3 15 21 29
0 4 25 27 33 34
0 3 14 20 28
0 5 6 12 23 25 31
0 2 18 31
44 0
0 2 28 40
0 4 12 13 17 41
0 2 17 36
0 4 17 31 34 41
0 4 21 26 31 37
0 2 28 41
0 1 18
0 3 14 25 35
0 7 21 23 24 25 28 39 41
0 2 15 39
0 3 12 33 35
0 3 16 24 26
0 4 1 10 31 36
0 5 1 24 25 27 38
0 2 7 42
0 6 9 21 30 32 33 34
0 3 11 18 32
0 5 1  2  3 29 34
0 8 6 16 19 23 29 32 38 39
0 4 18 21 30 36
0 2 35 37
0 9 4  8 15 19 25 28 36 38 39
0 2 31 35
0 3 8 18 36
0 5 8 11 13 29 30
0 4 7  8 13 21
0 5 4 11 28 35 39
0 1 13
0 5 0  5  8 21 26
0 5 17 18 24 30 35
0 6 15 19 24 29 32 43
0 6 3  4 12 22 38 41
0 8 15 16 18 30 33 36 37 39
0 3 10 15 32
0 5 3 15 17 36 41
0 8 7 10 20 22 26 29 36 39
0 10 2 12 19 21 23 32 34 35 40 42
0 3 4 20 32
0 4 13 18 21 31
0 7 8  9 18 21 26 32 35
0 2 0 36
0 6 1  3  5  8 31 34
0 2 14 36
0 1 30
45 0
0 4 16 20 31 33
0 1 41
0 1 43
0 3 11 25 43
0 7 8 14 15 17 20 37 39
0 2 11 33
0 8 10 14 19 21 27 28 39 41
0 5 14 16 26 34 44
0 4 4 24 33 37
0 4 11 14 20 31
0 4 6 32 36 42
0 4 3  5  9 27
0 1 39
0 1 37
0 5 4  6  7  9 41
0 5 4 20 22 25 38
0 10 0  7 22 24 27 28 30 32 33 39
0 4 4 24 31 34
0 1 25
0 4 6 25 28 40
0 8 0  4  9 15 21 26 27 31
0 6 6 20 29 39 40 44
0 4 15 16 39 40
0 2 33 34
0 4 8 16 17 44
0 6 3 15 18 19 40 41
0 4 7 20 36 42
0 7 6 11 16 20 38 42 44
0 4 6 16 19 42
0 1 21
0 3 16 32 34
0 7 0  9 17 20 36 39 40
0 4 10 16 30 38
0 10 0  5  8 16 23 36 37 39 40 43
0 5 7 17 23 30 37
0 2 37 41
0 6 10 26 31 33 38 43
0 6 4  8 13 33 34 35
0 6 15 27 32 36 40 44
0 8 4  6 12 16 21 22 31 33
0 9 19 21 22 25 31 33 38 41 44
0 7 1  6 14 25 35 40 44
0 4 10 26 27 28
0 4 2  3 33 36
0 7 7 21 24 27 38 40 41
